154455 , 319000 , 3
153955 , 385000 , 3
154414 , 300000 , 3
153052 , 529000 , 3
152987 , 330000 , 3
153428 , 274744 , 3
150588 , 395000 , 3
152806 , 400500 , 3
153738 , 434000 , 3
148806 , 330000 , 3
149001 , 500000 , 3
153543 , 339000 , 3
153746 , 399000 , 3
153570 , 299900 , 3
147586 , 445000 , 3
153785 , 350000 , 3
153377 , 479000 , 3
151257 , 344000 , 3
150980 , 210000 , 3
139461 , 430000 , 3
150857 , 429900 , 3
154335 , 329900 , 3
147611 , 225000 , 3
151009 , 347500 , 3
151402 , 397900 , 3
153085 , 440000 , 3
154489 , 282000 , 3
145448 , 379000 , 3
151534 , 379999 , 3
152291 , 315000 , 3
147603 , 295000 , 3
153774 , 373000 , 3
154006 , 299999 , 3
151126 , 323000 , 3
143252 , 359000 , 3
136431 , 519900 , 3
138053 , 415000 , 3
153068 , 465000 , 3
150638 , 524000 , 3
152900 , 525000 , 3
148736 , 325000 , 3
144312 , 473500 , 3
154528 , 449900 , 3
152586 , 499000 , 3
152617 , 425900 , 3
154317 , 440000 , 3
153807 , 469900 , 3
152964 , 394920 , 3
153791 , 322000 , 3
152326 , 403900 , 3
140460 , 335000 , 3
154276 , 319000 , 3
153432 , 299500 , 3
153927 , 242150 , 3
154533 , 394900 , 3
152019 , 369000 , 3
154415 , 390000 , 3
152068 , 319000 , 3
152487 , 450000 , 3
153513 , 329000 , 3
144238 , 423000 , 3
149797 , 479000 , 3
152227 , 389900 , 3
136282 , 323900 , 3
153000 , 267191 , 3
140395 , 337500 , 3
140044 , 449000 , 3
150966 , 445900 , 3
154066 , 278500 , 3
154034 , 299000 , 3
153264 , 345000 , 3
152998 , 425000 , 3
152978 , 295000 , 3
152116 , 259000 , 3
154298 , 378000 , 3
154332 , 339900 , 3
148168 , 359000 , 3
154171 , 425500 , 3
139427 , 337000 , 3
149616 , 225000 , 3
153185 , 345000 , 3
152154 , 399900 , 3
148195 , 362000 , 3
154091 , 340000 , 3
141529 , 425000 , 3
153234 , 378000 , 3
151296 , 300000 , 3
150199 , 345000 , 3
145789 , 388000 , 3
151304 , 499000 , 3
154557 , 479900 , 3
143217 , 405000 , 3
137570 , 389000 , 3
150929 , 320000 , 3
151000 , 359900 , 3
146986 , 425000 , 3
153915 , 439999 , 3
152002 , 309000 , 3
152820 , 449000 , 3
150256 , 343390 , 3
153900 , 295000 , 3
154419 , 450000 , 3
154401 , 229000 , 3
154325 , 255000 , 3
149864 , 367000 , 3
151498 , 259900 , 3
141188 , 388000 , 3
153734 , 299900 , 3
154010 , 339000 , 3
154154 , 489000 , 3
145850 , 415000 , 3
147214 , 318000 , 3
154559 , 384000 , 3
152854 , 229900 , 3
149401 , 299000 , 3
154131 , 285500 , 3
151876 , 230000 , 3
154474 , 299000 , 3
254484 , 515000 , 3
146423 , 518000 , 3
154343 , 384900 , 3
151805 , 349000 , 3
152794 , 473000 , 3
152152 , 424900 , 3
152263 , 389000 , 3
153288 , 269900 , 3
152265 , 279000 , 3
154510 , 399000 , 3
149369 , 379000 , 3
151521 , 369000 , 3
146302 , 370000 , 3
152619 , 399000 , 3
154322 , 365000 , 3
152078 , 400000 , 3
151678 , 499000 , 3
154060 , 208900 , 3
151084 , 325000 , 3
150407 , 210000 , 3
154442 , 424000 , 3
150294 , 367990 , 3
154421 , 435000 , 3
152014 , 459900 , 3
146212 , 425000 , 3
154242 , 459000 , 3
154279 , 229500 , 3
152887 , 399000 , 3
146649 , 239000 , 3
151085 , 500000 , 3
153371 , 259900 , 3
141847 , 374900 , 3
153872 , 344900 , 3
149024 , 300900 , 3
154536 , 509000 , 3
151228 , 350000 , 3
154430 , 250000 , 3
150744 , 400000 , 3
149839 , 210000 , 3
154074 , 289900 , 3
137090 , 289900 , 3
154312 , 449000 , 3
151249 , 354999 , 3
154488 , 250000 , 3
154161 , 300000 , 3
152771 , 375000 , 3
153088 , 350000 , 3
152203 , 299999 , 3
150194 , 419000 , 3
153500 , 429000 , 3
146597 , 275000 , 3
153556 , 475000 , 3
138730 , 365000 , 3
153802 , 456000 , 3
151864 , 280000 , 3
153134 , 333900 , 3
150773 , 439000 , 3
154461 , 365000 , 3
141212 , 525000 , 3
146790 , 439000 , 3
149287 , 209900 , 3
151308 , 499900 , 3
154327 , 410000 , 3
153971 , 272000 , 3
154205 , 499500 , 3
148757 , 459000 , 3
152677 , 265000 , 3
152849 , 480000 , 3
149994 , 210000 , 3
149700 , 324900 , 3
154223 , 227000 , 3
151913 , 409950 , 3
150470 , 400000 , 3
148744 , 249000 , 3
151293 , 299000 , 3
151994 , 415000 , 3
151078 , 410000 , 3
152393 , 220000 , 3
146320 , 522000 , 3
154387 , 320000 , 3
153259 , 479000 , 3
152122 , 379000 , 3
153876 , 222000 , 3
154241 , 249000 , 3
153411 , 425000 , 3
152565 , 289900 , 3
152893 , 375000 , 3
153370 , 218900 , 3
145087 , 525000 , 3
146496 , 369500 , 3
153850 , 221000 , 3
152856 , 430000 , 3
154145 , 217000 , 3
146667 , 265000 , 3
150823 , 444900 , 3
154071 , 380000 , 3
147374 , 320000 , 3
154380 , 385000 , 3
154522 , 405000 , 3
141737 , 524900 , 3
152139 , 510000 , 3
153828 , 275000 , 3
141232 , 344900 , 3
150240 , 329000 , 3
149922 , 239000 , 3
152906 , 435000 , 3
152969 , 435000 , 3
153647 , 324100 , 3
149882 , 495000 , 3
153314 , 264900 , 3
150981 , 310000 , 3
154329 , 329500 , 3
154136 , 399000 , 3
150390 , 324999 , 3
154501 , 395000 , 3
154422 , 369900 , 3
