1237649744485089354,122.155998,141.334106,-1
1237649911989207416,127.903503,227.083496,-1
1237648722822628243,60.523571,435.633209,-1
1237646548492944124,94.991211,747.790771,-1
1237646647816159947,118.508202,960.174316,-1
1237646585536184470,96.113083,1064.94604,-1
1237646792773208858,73.801537,1334.72205,-1
1237645877408957019,70.52446,1489.46899,-1
1237646586077512072,94.990738,1719.93506,-1
1237646648364565165,118.452499,1885.40405,-1
1237646749278601676,235.077103,111.460999,-1
1237646587168948535,262.280609,365.077515,-1
1237646586605011409,269.701111,447.6539,-1
1237646648373871719,191.402802,659.901428,-1
1237649872796123417,245.930603,964.12323,-1
1237648704578650331,164.3797,1140.03198,-1
1237648673992278776,173.315903,1348.67297,-1
1237648704605587915,264.589111,1595.93396,-1
1237646791690552110,158.971298,1633.82605,-1
1237646797063652543,180.011093,1962.49304,-1
1237645879023436131,280.185089,97.210564,-1
1237650010231538501,403.705902,322.845398,-1
1237646706891293569,383.737488,571.926575,-1
1237648704033915224,337.357391,785.423828,-1
1237646792767635713,405.939697,915.843811,-1
1237646588238955108,290.489899,1101.53296,-1
1237648705120502780,377.034393,1288.54504,-1
1237648722836849499,316.253387,1448.01099,-1
1237646648373018866,405.187195,1617.90601,-1
1237650010781647430,382.910187,1818.85498,-1
1237646748747366502,497.439789,111.053802,-1
1237648704567574972,453.232086,212.449707,-1
1237646750356406562,531.770325,540.043091,-1
1237646795996529370,543.455017,690.867798,-1
1237649742337803384,514.331421,902.791992,-1
1237649863133561132,528.39679,1137.13306,-1
1237646587689632013,430.198486,1247.64099,-1
1237648704062554898,543.407288,1431.245,-1
1237646546884755819,520.838379,1749.28699,-1
1237648674523972248,555.585388,1829.88696,-1
1237646586088915412,601.350098,154.844406,-1
1237646549027782994,598.997375,208.124695,-1
1237646706889590161,568.049377,573.264282,-1
1237649863666434363,595.558411,747.065308,-1
1237646586624868809,666.482971,906.392578,-1
1237646751435522671,662.321106,1155.74194,-1
1237646646741631200,628.152588,1386.27905,-1
1237648672908641096,662.473389,1570.49695,-1
1237646586089701989,642.477722,1786.70605,-1
1237648722316755976,648.687317,1949.495,-1
1237646793843344945,758.062073,101.800102,-1
1237648702988550945,763.400024,380.418213,-1
1237648705657635106,816.048584,419.251495,-1
1237646552248222106,814.918091,663.991882,-1
1237646585558467658,797.376221,929.223572,-1
1237649816966726014,755.286011,1056.82996,1
1237646798677017397,778.612427,1250.69702,-1
1237648722839929385,816.536499,1461.31702,-1
1237649823941263855,778.267273,1640.37402,-1
1237648720134930633,834.195007,1824.93298,-1
1237648675607937751,880.71698,102.1698,-1
1237646586631947080,928.958679,271.391113,-1
1237649793874133127,967.017273,450.68869,-1
1237649826626207785,916.003418,679.003784,-1
1237649963532550224,953.502014,838.206482,-1
1237649963530256467,964.8302,1024.82104,-1
1237648673448788902,868.458374,1289.39294,-1
1237649770251289731,889.014221,1547.11804,-1
1237646586076201108,952.639099,1787.62305,-1
1237649769717760329,882.658691,1861.77197,-1
1237646505000960915,1038.63501,76.150627,-1
1237649770251092981,1115.198,269.884308,-1
1237646707963398229,1079.98401,531.942322,-1
1237646646755852801,1036.06299,755.483582,-1
1237649961921806874,982.428711,936.129028,-1
1237646706864750629,1017.83301,1082.84204,-1
1237646706880938147,995.416626,1376.41296,-1
1237646705807458713,991.471375,1568.17505,-1
1237648673443021681,1058.55505,1661.04797,-1
1237646797058278618,1102.86499,1832.71594,-1
1237646647808557560,1246.71997,194.364395,-1
1237646506074767848,1152.453,240.538696,-1
1237646510369079509,1194.55005,551.497314,-1
1237649808371614668,1207.79004,653.930908,-1
1237649961920955147,1199.13403,938.387024,-1
1237649963531830100,1237.17798,1138.07996,-1
1237648703488721052,1141.505,1359.56201,-1
1237649961912304207,1258.66504,1535.73999,-1
1237646794373988917,1150.00806,1731.76501,-1
1237646547435585816,1250.98303,1899.88,-1
1237646792763048232,1388.08899,187.310898,-1
1237646797059458642,1278.745,281.194397,-1
1237646706353899715,1335.98303,552.449829,-1
1237648720133359465,1291.15198,714.872192,-1
1237649911448929629,1287.13403,996.793396,-1
1237646797599147963,1372.22095,1012.26099,-1
1237646798673675455,1325.93604,1278.09705,-1
1237646572647350833,1271.896,1550.85999,-1
1237650009699779154,1304.85803,1799.00195,-1
1237646706354685004,1382.422,1834.98096,-1
