1237649816425791883,129.580994,175.450104,-1
1237649910376694342,83.716057,229.704895,-1
1237646791700319263,65.360024,528.968079,-1
1237648675045442012,122.7799,771.804382,-1
1237649811591594199,70.741722,903.840515,-1
1237646647834247832,97.239227,1047.67798,-1
1237648705668383198,101.431602,1200,-1
1237646586095862932,94.358223,1440.80103,-1
1237648705648263478,124.095802,1715.30298,-1
1237646549574156529,123.869698,1989.41797,-1
1237646546888688265,201.001495,185.913193,-1
1237646586073383625,171.970505,203.319794,-1
1237646552786078093,262.10611,402.448486,-1
1237650008623153210,261.832489,667.087219,-1
1237649745023207036,195.853104,954.333191,-1
1237646750897733990,168.673492,1038.99402,-1
1237649911447356972,211.605896,1320.49695,-1
1237649807305867628,170.740204,1476.78699,-1
1237648702967383033,216.158905,1678.90698,-1
1237648721787225359,270.309113,1816.99097,-1
1237645877428420945,419.92511,140.419495,-1
1237646648378392820,286.799713,209.151505,-1
1237648675592536518,385.830688,414.024292,-1
1237646648364761467,408.147797,799.163025,-1
1237648675057041499,411.625885,868.858215,-1
1237648704587235938,302.210205,1174.99805,-1
1237648702961287694,297.346893,1278.37805,-1
1237648704065438750,377.681213,1470.38098,-1
1237648704563708275,340.826691,1686.95801,-1
1237645877403779388,339.070099,1801.07202,-1
1237649962996400551,429.104797,82.837921,-1
1237648675594043735,477.775604,339.578094,-1
1237649825550631545,496.703094,423.422607,-1
1237646587690746769,490.751404,716.170471,-1
1237649920581304362,462.329315,996.539612,-1
1237646549584642691,446.356293,1029.78699,-1
1237648703527912430,423.884613,1303.04797,-1
1237648705121550950,430.749786,1465.30396,-1
1237649865276719693,528.059387,1714.20496,-1
1237646794383492599,529.603516,1897.40698,-1
1237649871187673584,597.751221,152.643402,-1
1237649863133299306,628.859802,223.600403,-1
1237649911458562461,668.473206,479.060211,-1
1237646797596788981,646.659912,764.312012,-1
1237646707404570938,656.365417,922.325623,-1
1237648705121026378,669.100891,1002.099,1
1237649809443783427,650.312683,1380.87695,-1
1237649770258564039,641.943298,1512.52502,-1
1237648674532425854,601.368896,1678.66602,-1
1237646509298418007,699.995972,1893.98303,-1
1237646797059918103,737.482788,98.667587,-1
1237648704048071246,748.700623,311.8255,-1
1237649954404303332,804.330872,483.256989,-1
1237648597188018632,720.850525,760.338074,-1
1237648722850677346,725.189209,804.500122,-1
1237649921116668020,742.267212,1014.19702,1
1237646795994366888,786.570007,1265.38098,-1
1237646546897011182,751.914673,1571.09204,-1
1237646549038203226,722.934814,1699.15405,-1
1237648674532100078,705.180786,1906.93896,-1
1237646797604324733,866.390076,154.227707,-1
1237646707426658521,860.261719,299.038513,-1
1237646798132152855,936.266907,424.590698,-1
1237648722298667977,875.458923,642.88562,-1
1237648675578511824,857.688416,852.176208,-1
1237649742335836267,975.873718,1004.77698,-1
1237646587704377773,896.007324,1377.10596,-1
1237646797595020073,897.344299,1409.72095,-1
1237646549562753437,918.308716,1791.09094,-1
1237646586097108354,928.780273,1819.15601,-1
1237646549572649048,1077.42603,129.704605,-1
1237646548487766569,1016.05402,230.520493,-1
1237648674502738693,1051.91296,495.894897,-1
1237648704033718892,994.728577,648.883423,-1
1237646794381068308,1067.19897,854.560974,-1
1237649816958206757,1023.539,1184.72498,-1
1237646586629849958,1070.01196,1318.82104,-1
1237648704054690648,1023.13397,1588.51294,-1
1237646749284893305,1078.82703,1644.67896,-1
1237649963530912234,1075.88696,1966.48804,-1
1237649812663370070,1189.14294,179.399704,-1
1237646548509721342,1244.48901,366.745087,-1
1237648672924107580,1236.22803,564.558472,-1
1237649770254501171,1224.87305,653.734497,-1
1237648722831278738,1141.04602,907.814209,-1
1237648705640006071,1154.146,1197.06799,-1
1237649963531567940,1253.43103,1288.12305,-1
1237649961920627616,1258.10095,1400.24097,-1
1237646795989648394,1194.71899,1694.87402,-1
1237648722813978228,1214.10205,1954.59094,-1
1237646793307721578,1301.31201,163.138901,-1
1237646795987026804,1279.547,280.764709,-1
1237649744480567644,1278.25696,574.590088,-1
1237646646229533549,1367.32202,629.139587,-1
1237646585562990177,1348.11499,826.611572,-1
1237646793848063506,1284.16504,1088.32605,-1
1237648596114605349,1375.75403,1380.51196,-1
1237648703508513521,1289.58496,1579.41296,-1
1237646793839870234,1287.72498,1719.47595,-1
1237648673970913975,1397.17896,1959.62097,-1
