1237649954402861397,75.888771,156.590195,-1
1237648704570327342,55.109779,249.711502,-1
1237646587708965915,44.52327,536.627502,-1
1237648722851267610,128.213699,754.565979,-1
1237646751424184509,125.455101,964.327026,-1
1237648704065766787,103.401802,1188.03699,-1
1237646751424905225,97.561394,1344.81995,-1
1237646750355620446,131.565399,1503.96899,-1
1237646553855557921,74.614952,1633.78296,-1
1237646793847869103,68.829063,1918.01501,-1
1237649769181938862,229.169998,86.221458,-1
1237649954934817395,207.035095,206.471497,-1
1237646647837066180,223.508499,423.246887,-1
1237646505546875264,151.478195,755.707214,-1
1237645879026188629,271.683502,813.779785,-1
1237648705645904437,216.630707,1023.73401,-1
1237646707420823595,148.438507,1357.74402,-1
1237646794382575699,204.193802,1421.36902,-1
1237645877941895171,144.655594,1769.797,-1
1237646587708572436,246.679199,1932.04297,-1
1237646705813816589,280.750397,78.495903,-1
1237646573720830197,346.891388,359.548889,-1
1237646706354423690,324.841003,459.570404,-1
1237649955473195347,399.352509,786.502502,-1
1237649825551221428,321.079712,992.512573,-1
1237649963529667133,400.028412,1028.90503,-1
1237649863139918926,313.296997,1241.32703,-1
1237646795986634435,283.810791,1417.46704,-1
1237648675584016544,292.109314,1779.12805,-1
1237649962455531931,389.679413,1828.34595,-1
1237649873337647264,495.194611,109.554398,-1
1237648672890749667,533.243103,325.458099,-1
1237646706866978966,503.782013,447.933807,-1
1237646748747105084,513.137329,665.737793,-1
1237646585558598870,492.567413,914.114685,-1
1237648675069624415,441.442108,1195.30396,-1
1237646587704771259,467.455811,1375.19495,-1
1237649927554597517,492.553314,1431.53198,-1
1237646792233650517,553.888428,1715.68298,-1
1237646549050458796,534.326111,1960.89001,-1
1237646551710957736,572.497986,88.64344,-1
1237648596117095464,596.860718,319.704803,-1
1237646707424494143,606.364929,540.572388,-1
1237646792767963675,590.752014,647.9729,-1
1237646588221784916,647.576111,934.093384,-1
1237648675590832653,625.744629,1095.80603,-1
1237649928090943833,627.174622,1333.45996,-1
1237648675070607626,670.553223,1542.77295,-1
1237646587707720879,596.207214,1660.01099,-1
1237646648366727377,621.428589,1966.01404,-1
1237648674509619248,719.262817,94.9077,-1
1237648703531582178,792.507812,325.104614,-1
1237648705128497913,836.614319,553.035522,-1
1237649918429496141,789.797119,796.569275,-1
1237646586609926556,787.131226,969.674377,-1
1237649921118503496,719.225586,1050.89502,1
1237649806757201147,780.162415,1298.375,-1
1237649768646770975,741.226318,1506.72705,-1
1237646708497908973,717.20343,1619.14795,-1
1237648673457046310,796.717407,1918.10303,-1
1237649910386721357,952.6698,170.179199,-1
1237646708495155336,849.059998,279.768005,-1
1237646646748184791,843.860718,552.361023,-1
1237646798138442994,851.906982,770.446716,-1
1237646646737306356,955.73053,852.852783,-1
1237648722296767389,954.758728,1170.76697,-1
1237649745020977712,877.537781,1252.02197,-1
1237648595576029566,947.617188,1419.31897,-1
1237646750899110416,970.395874,1731.36597,-1
1237646548502184743,936.799377,1914.45996,-1
1237649742871593197,1065.15405,84.073441,-1
1237649955482305210,1087.59302,372.411896,-1
1237649910910944912,1042.89197,404.603607,-1
1237646707964772538,999.65863,688.043579,-1
1237646587713947404,1049.16504,831.911621,-1
1237646587685765834,1028.84399,1134.21497,-1
1237646547441222658,1057.91296,1360.67297,-1
1237646586102612679,1094.66797,1559.61694,-1
1237648672885571943,1059.40002,1767.07703,-1
1237648720131588426,1018.94,1960.83398,-1
1237648720137028561,1240.547,94.856247,-1
1237649955477717521,1142.02405,224.342499,-1
1237646798681080913,1169.87695,444.586395,-1
1237648705663730494,1252.63196,612.472717,-1
1237649863133692671,1127.08997,930.294983,-1
1237648702951981502,1224.599,1188.651,-1
1237649918973182686,1231.19299,1382.29895,-1
1237646708489781525,1223.59204,1571.51794,-1
1237646587169277148,1181.49194,1687.56494,-1
1237646553857524466,1186.69604,1857.98999,-1
1237646646227305659,1336.70703,80.102333,-1
1237646585561350711,1374.56104,353.804413,-1
1237649920575275732,1274.13501,424.619202,-1
1237649927026114795,1268.41602,731.756226,-1
1237646553321636673,1274.08606,971.048584,-1
1237648675582378709,1395.94495,1057.026,-1
1237646588221194340,1315.255,1397.63599,-1
1237646646221210614,1333.83398,1533.47595,-1
1237649743405778527,1342.76196,1617.44604,-1
1237649919501206139,1358.10596,1905.46497,-1
