1237646706874253325,94.022331,141.037003,-1
1237650010768277515,113.042999,280.622986,-1
1237648597190377482,84.965859,586.27063,-1
1237648704564953865,125.3144,733.887024,-1
1237649911459152101,67.135674,955.778687,-1
1237648675045638483,135.8228,1021.755,-1
1237648702984947014,98.491768,1257.12805,-1
1237646587709162438,52.839989,1457.89197,-1
1237650009702727940,136.332703,1706.99902,-1
1237649910384361695,110.669998,1820.87195,-1
1237645877429338115,203.619507,120.617401,-1
1237649808905405843,199.032196,246.491104,-1
1237649961382707837,170.956299,446.112396,-1
1237646646758868074,143.166,769.7854,-1
1237650004862370775,176.520996,949.592773,-1
1237646707425542956,208.787506,1016.935,-1
1237648673455669566,144.891098,1391.40906,-1
1237649953331544271,234.698502,1463.56201,-1
1237646588230238327,172.453094,1695.95105,-1
1237649743945990199,230.316895,1920.70105,-1
1237646646201811270,397.020905,140.347107,-1
1237648705140425172,331.502014,346.465912,-1
1237648704573997451,361.801208,556.721375,-1
1237646552784110724,346.066498,612.574219,-1
1237649824479576753,369.851898,920.022095,-1
1237646588251670615,301.197296,1051.22205,-1
1237650010238615989,333.813599,1355.41101,-1
1237649742337933592,379.520386,1520.76501,-1
1237646707957695221,379.485107,1667.927,-1
1237646793303851197,345.736389,1850.68506,-1
1237648674517615513,429.675201,110.1063,-1
1237649920579076144,426.03009,230.2267,-1
1237648722863128665,547.688171,531.407288,-1
1237646748751365128,464.033386,658.825317,-1
1237648675039412322,451.929199,887.690979,-1
1237649815347528072,541.478821,1125.46594,-1
1237648705132561611,484.757507,1340.09705,-1
1237648704595821335,545.289124,1555.75098,-1
1237649769185608629,532.05481,1656.28601,-1
1237648703533090610,529.467529,1849.39197,-1
1237646792230764664,652.11438,130.285004,-1
1237649920578618127,662.500427,301.640106,-1
1237648705106346512,633.252991,544.092529,-1
1237649962458940112,633.778198,785.41687,-1
1237649918433165906,688.220093,964.229919,1
1237649961922396272,616.511902,1142.56299,-1
1237649871719170239,649.832275,1243.48901,-1
1237649961376219155,661.123779,1500.19104,-1
1237646751432311877,592.119629,1774.80396,-1
1237646795992269324,583.31488,1912.24402,-1
1237649909836349577,737.369873,87.129479,-1
1237648722317345099,714.771118,359.725403,-1
1237645877426848381,832.060425,507.936798,-1
1237646646757621978,834.89917,659.478271,-1
1237646586605076824,727.567505,944.816223,-1
1237649808906257311,806.739075,1086.005,-1
1237646645663563978,824.192688,1206.35596,-1
1237649864203633306,705.270386,1401.81104,-1
1237648704053576427,749.055115,1683.323,-1
1237649961378251315,833.670776,1830.28101,-1
1237646509832208580,843.030579,60.27314,-1
1237648702996284121,913.768311,287.017609,-1
1237646587167507802,912.066101,487.024109,-1
1237649809440704026,937.472229,796.244507,-1
1237648721790829791,895.958313,901.190491,-1
1237648672909230691,978.474792,1150.78101,-1
1237649912531780229,915.244995,1359.67798,-1
1237645877417672928,925.361389,1475.81396,-1
1237646793311128123,966.835876,1651.72595,-1
1237646706877792771,904.663513,1867.974,-1
1237649769177351269,1042.08801,168.469193,-1
1237646548514243526,1016.62598,352.9617,-1
1237649954946613355,1042.53894,589.651672,-1
1237649920582550379,1045.58105,699.650024,-1
1237649909848736178,1118.39197,979.699402,-1
1237645879027171642,1117.46399,1134.34998,-1
1237649942588621588,997.85498,1365.56702,-1
1237646797059395474,1062.58398,1598.29199,-1
1237646793838429621,1002.70502,1724.54297,-1
1237648673974453340,1102.71399,1841.47803,-1
1237649955479749344,1190.30896,184.732498,-1
1237649954947465976,1225.40002,333.935699,-1
1237648722819678637,1259.47998,574.090271,-1
1237646587172357748,1157.22595,640.655396,-1
1237646552244880409,1131.08496,827.325806,-1
1237649811590414861,1223.73303,1098.823,-1
1237648703525815211,1140.78601,1203.72803,-1
1237646798674724064,1217.12305,1574.84998,-1
1237648673995686554,1214.08997,1691.203,-1
1237646706352784796,1224.95203,1853.00098,-1
1237648720138667276,1290.39697,167.906097,-1
1237646708478443718,1288.97095,349.650513,-1
1237646548512998162,1352.198,511.644806,-1
1237648673983365506,1294.46106,616.44928,-1
1237650013455384685,1309.74097,931.886292,-1
1237649921119027416,1296.81396,1025.16199,-1
1237648705110671549,1302.63098,1317.61902,-1
1237646508759515573,1340.35706,1408.01294,-1
1237648597188018405,1319.75305,1702.76904,-1
1237646794381658809,1399.34204,1888.77698,-1
