1237648675033187088 , 162.062146139983014 , 0.78460815196834699
1237648722832720512 , 160.337487651082995 , 1.15309813865338007
1237648722296176889 , 161.113858503657013 , 0.678356303024926999
1237648722294408003 , 157.006029182909998 , 0.799855722123693047
1237648675032858902 , 161.29837719394601 , 0.828195795902411991
1237648705101693131 , 155.372364360656007 , 0.590285936036148984
1237648705640661072 , 160.132223400865001 , 1.03266930274655011
1237648722831082318 , 156.59104780092801 , 1.06655734811198011
1237648705639744118 , 158.049724947563988 , 0.955848594962541043
1237648722831213201 , 156.879082265084008 , 1.05777813617843996
1237648705639940398 , 158.530260784734992 , 1.03076897847089
1237648722830426743 , 155.129439028605987 , 1.0946243384629899
1237648675569729809 , 161.348544303478008 , 1.04786291469390003
1237648722294735731 , 157.776386174011009 , 0.740853984320200998
1237648705103200756 , 158.889265175713007 , 0.548016999461774956
1237648722832654903 , 160.144674016349995 , 1.14237940392733006
1237648722831868727 , 158.348415023829006 , 1.1581986798602999
1237648705640333829 , 159.374072237116991 , 0.854466150934080959
1237648722294997629 , 158.382800104061005 , 0.781565034867410025
1237648722830689236 , 155.725019970107013 , 1.13218993158267001
1237648722831015983 , 156.393019208663986 , 1.08513719924349994
1237648675569664186 , 161.202907186104994 , 1.10249300124112004
1237648722296177655 , 161.105412696658988 , 0.79689076163732897
1237648675569861029 , 161.64762754704401 , 1.10028124578419995
1237648722295259881 , 158.992719565019001 , 0.700422486735970962
1237648705638826567 , 155.96871818824701 , 0.912898170215057037
1237648722830557549 , 155.293333859045987 , 1.08521670873073006
1237648722295455764 , 159.341766413006013 , 0.737564304531082016
1237648722294277104 , 156.677156798591 , 0.66976917051186402
1237648705104183806 , 161.084151975988988 , 0.559680269592669033
1237648722833179523 , 161.281552698165996 , 1.05210454415147003
1237648722832720671 , 160.24919656422 , 1.06042797653137999
1237648705640661687 , 160.207633584655014 , 0.947094349909404998
1237648722830361108 , 154.919188071529987 , 1.09177614370191001
1237648722831868185 , 158.346986225087988 , 1.23504199384599
1237648722832851483 , 160.570411234656007 , 1.10554842558577993
1237648722832261995 , 159.30918862091201 , 1.15011134241804003
1237648722830950959 , 156.268195595447992 , 1.22685032665523996
1237648722295521828 , 159.549962186529001 , 0.784467999363478996
1237648722295259740 , 158.937639372696992 , 0.65968723250970196
1237648722294342088 , 156.790805861743991 , 0.696144445430304959
1237648675569336364 , 160.404620017875004 , 1.21547910552914007
1237648722294145373 , 156.387491912270008 , 0.696834927933938975
1237648705639678048 , 158.015532531773999 , 0.931129694480339998
1237648705102151943 , 156.434799012387998 , 0.571516129848125054
1237648722295980720 , 160.620150826512003 , 0.670725651393385025
1237648705641382279 , 161.773320031644005 , 1.0081413789970699
1237648722294145551 , 156.347382353134009 , 0.690202365772243032
1237648705641120666 , 161.295548413336007 , 0.906651062560945964
1237648722293817997 , 155.694873467522001 , 0.767210605595336048
1237648675032990167 , 161.622197559775003 , 0.81154732041135802
1237648705641185675 , 161.370690703659989 , 0.967851261113476968
1237648722295980624 , 160.585031656299009 , 0.777641845030443979
1237648675032924550 , 161.469824937129999 , 0.648875610616322041
1237648722295456434 , 159.418714630337007 , 0.762477167612888973
1237648722831344483 , 157.177193590327988 , 1.05395724257292001
1237648722294604279 , 157.402527861539994 , 0.822694659523772964
1237648722294080509 , 156.294487041460002 , 0.647886919386108984
1237648705641120457 , 161.248688041146011 , 0.968855314183043048
1237648722830689347 , 155.651385839679989 , 1.1717556486318399
1237648705638761030 , 155.848674402849014 , 0.889295647739987039
1237648722830688360 , 155.673497940716004 , 1.14485519941485991
1237648705639874629 , 158.426023417765009 , 0.969904521694090027
1237648722294800538 , 157.858305816338003 , 0.73339949495048895
1237648705640333627 , 159.380528379384003 , 0.920754009132340956
1237648722294211059 , 156.528082693288013 , 0.75743891515152495
1237648722294800676 , 157.861729330131993 , 0.739637045163076046
1237648722295325048 , 159.124508251652003 , 0.69732128907248403
1237648705638695240 , 155.677427385193994 , 0.84582500545803696
1237648722295718518 , 160.015948914148993 , 0.830960215412999026
1237648705102676557 , 157.642013823685005 , 0.564245505454610052
1237648705640530331 , 159.848633315389009 , 1.03466101260197996
1237648722832065418 , 158.870569213394987 , 1.15392343610635995
1237648722296636301 , 162.038709982757013 , 0.803912401345797001
1237648722293948671 , 155.938543753646002 , 0.762668853551307979
1237648722295324870 , 159.135883246154009 , 0.806689443331585987
1237648705104511419 , 161.836181248446991 , 0.623897551321920041
1237648722832917296 , 160.703503299895004 , 1.11094531466567004
1237648722294211124 , 156.550717001413005 , 0.817025179319560979
1237648722295783892 , 160.086816260689005 , 0.816569519262138055
1237648722295324793 , 159.082147466212007 , 0.688169204596189021
1237648722831016337 , 156.417049478360013 , 1.14577275595355998
1237648722831671995 , 157.856699591481998 , 1.07416504370023991
1237648722294342689 , 156.863235868998999 , 0.646166870261266957
1237648675569533649 , 160.901899582477995 , 1.13194262504572007
1237648722833048041 , 161.003101907752011 , 1.22541197569678006
1237648705641185806 , 161.461067894475008 , 0.94306401165651299
1237648705104380241 , 161.490545506573 , 0.541979610828950964
1237648722294670006 , 157.662247558118992 , 0.709375651205918945
1237648722831541124 , 157.577389420266002 , 1.05891039334315007
1237648722294604501 , 157.471570266644989 , 0.776854917765992026
1237648722294604729 , 157.428269940511996 , 0.780482118890742038
1237648705640071926 , 158.854243227671986 , 0.934849133922872055
1237648705103986907 , 160.610221934249012 , 0.580774677121367988
1237648705641120309 , 161.283776974601011 , 0.945259007687902053
1237648705638367970 , 155.029828472356996 , 0.88279656184014399
1237648705641447951 , 162.034681230104013 , 1.00955547172709004
1237648705104052714 , 160.753623203376009 , 0.61788854709494001
1237648675033121640 , 162.000537167682012 , 0.670869010242463037
1237648722295653049 , 159.865628416803986 , 0.704699503488546042
1237648722830361315 , 154.875544467049991 , 1.23834246435258
1237648722293555803 , 155.062788280948013 , 0.689460751614825007
1237648705104511237 , 161.816423117519008 , 0.564668129875070979
1237648675032858882 , 161.377172472183986 , 0.686717945588354972
1237648705639875016 , 158.470442366409998 , 0.973996678089247947
1237648722295128553 , 158.623792498568008 , 0.639499286102712006
1237648722293949048 , 155.979069369792995 , 0.71883442314752799
1237648705639482001 , 157.507909959122998 , 0.859000278540439033
1237648705102610796 , 157.44781696749601 , 0.595251480158296986
1237648675032794071 , 161.11436468557099 , 0.832979664276144005
1237648722296374145 , 161.49688881756299 , 0.646400552366364956
1237648705639088429 , 156.549099026879986 , 0.891978904890588953
1237648705640137060 , 158.943828132667988 , 1.00535697363825993
1237648722293883924 , 155.872195340435013 , 0.767264788817379029
1237648675033121313 , 161.935859809238991 , 0.661843709496307997
1237648722832917488 , 160.757586469752994 , 1.19892246114786993
1237648722831474773 , 157.381382788004998 , 1.11481645807044005
1237648705638629724 , 155.487618138326013 , 1.04321297912406008
1237648675569533341 , 160.851842753850008 , 1.18576105219816008
1237648705639743956 , 158.160912492425012 , 0.90041019566751701
1237648705640727163 , 160.354166589315014 , 1.01555557315601996
1237648705638433456 , 155.052285677305008 , 0.978445182869542962
1237648722296242588 , 161.23718328900199 , 0.676349574118950025
1237648705638957627 , 156.37390760321 , 0.915662830976624043
1237648722295718502 , 160.008589405392001 , 0.738042471503884023
1237648722295062689 , 158.570624867699991 , 0.680050063874811039
1237648675033121359 , 161.952934316735991 , 0.712738186332633972
1237648722294407391 , 156.943445344482996 , 0.730500068079249054
1237648705638760834 , 155.863628290088002 , 0.980697893175965008
1237648722296308632 , 161.382249808338997 , 0.742220395171365954
1237648722295587039 , 159.638514350518989 , 0.678222253150221999
1237648722294407605 , 156.972112197863993 , 0.802557770487391964
1237648705101889568 , 155.851406169107008 , 0.579542358587414985
1237648722296373722 , 161.469842957908014 , 0.648868933692607008
1237648675032662871 , 160.893134420655002 , 0.646087943081183003
1237648722294079841 , 156.261799602167997 , 0.737203529237064004
1237648722832392269 , 159.574105172718987 , 1.24208957324462999
1237648705639023144 , 156.42623355491699 , 0.885525800517951045
1237648705101890095 , 155.84158949769099 , 0.626701562901151976
1237648722295849528 , 160.287849521565988 , 0.817405880269416962
1237648705640464824 , 159.762585267940011 , 0.90075959235426295
1237648722831410030 , 157.347523199179989 , 1.11314139946014001
1237648722294800402 , 157.829903652127996 , 0.735335092827679948
1237648705640399166 , 159.543693119974989 , 0.905639111685846987
1237648722295128917 , 158.689388343016986 , 0.758713855616590993
1237648722294735140 , 157.71573251842301 , 0.657331470090585013
1237648722296439846 , 161.70880437268201 , 0.66580166198010704
1237648722293752025 , 155.450904253662003 , 0.636504678112835953
1237648722295784485 , 160.212813329304993 , 0.818311812231575009
1237648675032531690 , 160.61848427628999 , 0.629080493096191962
1237648705640989084 , 160.877568766276994 , 0.941551887990281999
1237648722293490528 , 154.930491546577997 , 0.770681642639907016
1237648675033121247 , 161.910499212323003 , 0.631986157581835961
1237648722295063191 , 158.525458516394991 , 0.668388303215596946
1237648722295325653 , 159.092837758132987 , 0.682595288567283021
1237648705641185703 , 161.384133918208988 , 0.873253433062394002
1237648705639809038 , 158.224757157330004 , 0.975838415433299966
1237648722831344104 , 157.154940463054004 , 1.2046000983184999
1237648705640202294 , 159.197437233150993 , 1.00333966358988991
1237648722832261692 , 159.295703419097009 , 1.22635760408745997
1237648705102676058 , 157.603242768201 , 0.570711797053871983
1237648705638695217 , 155.667123711735002 , 1.02388572516719001
1237648705640137246 , 159.035610677497004 , 1.01751849670722994
1237648722296308600 , 161.353528614845999 , 0.692080579479906977
1237648705102807342 , 157.878795456745991 , 0.552869276760337036
1237648722296438921 , 161.636561432012996 , 0.717775427395435983
1237648675032663026 , 160.944221071776013 , 0.69780381957049098
1237648675032924314 , 161.540711456758004 , 0.746044707603108037
1237648722295062980 , 158.446210699252987 , 0.67693638203155504
1237648722294211294 , 156.619604323482008 , 0.645976924867464053
1237648705641054410 , 161.036760865924009 , 1.0080002936930601
1237648722296570901 , 162.000488567752996 , 0.670931452054656985
1237648722293686754 , 155.330402097106997 , 0.828592270160881994
1237648722295915536 , 160.493592050371007 , 0.765028982539662006
1237648722832130715 , 159.01638861322499 , 1.0990066079929901
1237648705638826450 , 156.04091961823201 , 0.981576788820977986
1237648722832589199 , 159.956123534661003 , 1.19228836216981993
1237648722294604686 , 157.394892560257006 , 0.645563146221517004
1237648705103855903 , 160.30595010328301 , 0.595740914994490001
1237648722832785875 , 160.412029783885004 , 1.13327044550093992
1237648722830426620 , 155.064733413475011 , 1.10528861569741998
1237648722296242933 , 161.224414162773996 , 0.804744422519093949
1237648675569992178 , 161.954330508567011 , 1.20283071202800995
1237648722294538909 , 157.336455559828011 , 0.670405641695124954
1237648722296308534 , 161.294830103049009 , 0.650676659481414954
1237648675569992347 , 161.916788619003995 , 1.17167637095418997
1237648722832392718 , 159.522984771626994 , 1.11809941401747004
1237648722830754570 , 155.870034796014011 , 1.25211372296384993
1237648675569730248 , 161.302147118899995 , 1.2164997921746401
1237648722832458106 , 159.641806381090987 , 1.08071411985112009
1237648705638367888 , 154.96434970157901 , 0.942219125315174044
1237648705640399310 , 159.638208958429999 , 0.994844094731751949
1237648722296243270 , 161.150620752869997 , 0.761259297548651959
1237648722831147389 , 156.641478232711989 , 1.22771828801075999
1237648722833113934 , 161.192809313623997 , 1.23133404078448994
1237648722294669906 , 157.615064928285989 , 0.658809744598338964
1237648722296243332 , 161.253324234541992 , 0.737292386446519954
1237648705639678074 , 157.992301591748998 , 0.901557427462867045
1237648722296439556 , 161.691102850341991 , 0.761719266476161949
1237648705640136933 , 158.96581565321199 , 0.902908629064554047
1237648722295718845 , 160.030773926646987 , 0.801522438012702954
1237648722294670105 , 157.547943325848991 , 0.649939766732896995
1237648722293686804 , 155.355516681186003 , 0.683532579612507019
1237648705639285263 , 157.080563784698995 , 0.893594846197329984
1237648705102545379 , 157.310145324755013 , 0.545516106541814039
1237648722295456018 , 159.404092128661006 , 0.774536309824434999
1237648722296373643 , 161.438991106456996 , 0.713306921521582038
1237648722295128829 , 158.611130233965014 , 0.751153185306824955
1237648705638891792 , 156.080913547508999 , 0.940277501733817966
1237648722833113134 , 161.241988591371012 , 1.06132975896791004
1237648722296177383 , 161.099057883365987 , 0.724536817350847961
1237648722293621199 , 155.177865083661004 , 0.803668918843839952
1237648722294407364 , 156.952002952740003 , 0.720915856776748964
1237648705638826390 , 156.003282817904989 , 0.968409938752187949
1237648722296112209 , 160.829799847774012 , 0.644542329546163972
1237648705640989021 , 160.997943984247996 , 0.86196845781806597
1237648722831081688 , 156.548959725992006 , 1.11197114837506006
1237648722831409223 , 157.244898166772003 , 1.19254911167222
1237648705103725307 , 160.054351334330988 , 0.528229776941202989
1237648722832589336 , 159.969255560211991 , 1.19961110318258002
1237648705104511535 , 161.910461057177002 , 0.632033449623319976
1237648705102742183 , 157.822735934360992 , 0.565584354604729
1237648705103659532 , 159.930820527294998 , 0.585408208921746054
1237648705640858275 , 160.715729451327007 , 0.933345289578515036
1237648705102414043 , 157.077946720860012 , 0.594384273229351945
1237648675033055556 , 161.70646009942601 , 0.77582625107305303
1237648722294080247 , 156.308389992987998 , 0.793294660660966988
1237648722296439196 , 161.590999597126995 , 0.809538011470508967
1237648722295128826 , 158.606146103566005 , 0.769536156681586037
1237648722831016417 , 156.345139120724014 , 1.19306706816364994
1237648722831278248 , 157.037371664162009 , 1.09276283532070995
1237648722295849819 , 160.294269852419006 , 0.675366852553198949
1237648722830623660 , 155.459608121169993 , 1.20518886700429007
1237648722831212728 , 156.886999469528007 , 1.24524375272404009
1237648722832917223 , 160.810139385491993 , 1.15206278527514994
1237648722832261811 , 159.204867764768011 , 1.08828817937187994
1237648705638433140 , 155.113070802436994 , 0.891353268256060982
1237648722831671850 , 157.935969538562006 , 1.22352532428651006
1237648722830754178 , 155.754902453243005 , 1.21112521422284991
1237648722832851630 , 160.634596452729994 , 1.13941015085893005
1237648722296570375 , 161.911051230975005 , 0.819998162314080958
1237648722296243272 , 161.154565475666999 , 0.657123203469124006
1237648722296046087 , 160.700876028879009 , 0.701714201646702951
1237648705102479922 , 157.140777998533991 , 0.540600835200250041
1237648675033186663 , 162.020052222173007 , 0.636493626626214004
1237648705102938611 , 158.303198429219009 , 0.618832030538432054
1237648705641316799 , 161.686973778878013 , 1.02364762944575993
