1237648705102807439 , 157.939081206447014 , 0.435898589337862019
1237648705640464824 , 159.762585267940011 , 0.90075959235426295
1237648675032924314 , 161.540711456758004 , 0.746044707603108037
1237648704566067519 , 158.251330269628994 , 0.0502778566186461995
1237648722831015983 , 156.393019208663986 , 1.08513719924349994
1237648722832851483 , 160.570411234656007 , 1.10554842558577993
1237648722293555803 , 155.062788280948013 , 0.689460751614825007
1237648705638826450 , 156.04091961823201 , 0.981576788820977986
1237648675569533649 , 160.901899582477995 , 1.13194262504572007
1237648722295980624 , 160.585031656299009 , 0.777641845030443979
1237648722295063191 , 158.525458516394991 , 0.668388303215596946
1237648705103855823 , 160.388195917576013 , 0.42539490362055199
1237648722294407391 , 156.943445344482996 , 0.730500068079249054
1237648704565281497 , 156.521000757980005 , 0.168638952981481988
1237648705638367970 , 155.029828472356996 , 0.88279656184014399
1237648705638629724 , 155.487618138326013 , 1.04321297912406008
1237648722296570375 , 161.911051230975005 , 0.819998162314080958
1237648722296308534 , 161.294830103049009 , 0.650676659481414954
1237648722296176889 , 161.113858503657013 , 0.678356303024926999
1237648674495660855 , 160.538611028300011 , 0.35729987671133101
1237648722295718502 , 160.008589405392001 , 0.738042471503884023
1237648675032858882 , 161.377172472183986 , 0.686717945588354972
1237648722294800676 , 157.861729330131993 , 0.739637045163076046
1237648722831016417 , 156.345139120724014 , 1.19306706816364994
1237648722295521828 , 159.549962186529001 , 0.784467999363478996
1237648722830754178 , 155.754902453243005 , 1.21112521422284991
1237648704028475465 , 156.650292135362008 , -0.234346373792995
1237648704566067213 , 158.224547967825004 , 0.158042200908467989
1237648722831016337 , 156.417049478360013 , 1.14577275595355998
1237648675569992347 , 161.916788619003995 , 1.17167637095418997
1237648705104052714 , 160.753623203376009 , 0.61788854709494001
1237648673959182546 , 161.449883398348987 , -0.0493852329647075025
1237648674495988490 , 161.40519647516399 , 0.259580321670021985
1237648675033055556 , 161.70646009942601 , 0.77582625107305303
1237648704027820706 , 155.080107497602 , -0.229035970173753989
1237648722294145551 , 156.347382353134009 , 0.690202365772243032
1237648722296243270 , 161.150620752869997 , 0.761259297548651959
1237648704565542943 , 157.043039755731002 , 0.196636628964873994
1237648705638826390 , 156.003282817904989 , 0.968409938752187949
1237648722831081688 , 156.548959725992006 , 1.11197114837506006
1237648704567050658 , 160.476322378096 , 0.210318835643377999
1237648673959051658 , 161.116931880124014 , -0.0657168380965086063
1237648722294408003 , 157.006029182909998 , 0.799855722123693047
1237648704564625724 , 154.896519002246009 , 0.191256646953668008
1237648705640661072 , 160.132223400865001 , 1.03266930274655011
1237648704029327628 , 158.481725333502993 , -0.241236158802048989
1237648705641382279 , 161.773320031644005 , 1.0081413789970699
1237648722294079841 , 156.261799602167997 , 0.737203529237064004
1237648722830426743 , 155.129439028605987 , 1.0946243384629899
1237648704565018639 , 155.833254247774988 , 0.211605369825572986
1237648722294145373 , 156.387491912270008 , 0.696834927933938975
1237648722833113134 , 161.241988591371012 , 1.06132975896791004
1237648704564757033 , 155.28242818413699 , 0.100707998640605007
1237648704028737999 , 157.249761446830007 , -0.230786206650897996
1237648722831212728 , 156.886999469528007 , 1.24524375272404009
1237648705639940398 , 158.530260784734992 , 1.03076897847089
1237648704030441678 , 161.134460785957998 , -0.257757169235762973
1237648722294080509 , 156.294487041460002 , 0.647886919386108984
1237648704565150216 , 156.223680630383001 , 0.205963343237661994
1237648722830688360 , 155.673497940716004 , 1.14485519941485991
1237648673958724211 , 160.50112918552901 , -0.105490826615995001
1237648705104249224 , 161.182028018289003 , 0.448497768125386997
1237648722293883924 , 155.872195340435013 , 0.767264788817379029
1237648675032662871 , 160.893134420655002 , 0.646087943081183003
1237648722295128829 , 158.611130233965014 , 0.751153185306824955
1237648722832065418 , 158.870569213394987 , 1.15392343610635995
1237648705102807342 , 157.878795456745991 , 0.552869276760337036
1237648704027754872 , 154.906353368070995 , -0.263238007899204984
1237648722293490528 , 154.930491546577997 , 0.770681642639907016
1237648705639482001 , 157.507909959122998 , 0.859000278540439033
1237648705104380229 , 161.479034918084011 , 0.49146542649470798
1237648722295128553 , 158.623792498568008 , 0.639499286102712006
1237648704566723009 , 159.751151558402 , 0.190700551558777992
1237648722830950959 , 156.268195595447992 , 1.22685032665523996
1237648722832130715 , 159.01638861322499 , 1.0990066079929901
1237648705103659532 , 159.930820527294998 , 0.585408208921746054
1237648705639678048 , 158.015532531773999 , 0.931129694480339998
1237648722296177383 , 161.099057883365987 , 0.724536817350847961
1237648675032531690 , 160.61848427628999 , 0.629080493096191962
1237648704564822567 , 155.434633822849008 , 0.155127902268425988
1237648674495922606 , 161.161270345150996 , 0.273504782821402004
1237648705640071926 , 158.854243227671986 , 0.934849133922872055
1237648722296242588 , 161.23718328900199 , 0.676349574118950025
1237648704565084910 , 156.058710651936991 , 0.121479257282804995
1237648705640333627 , 159.380528379384003 , 0.920754009132340956
1237648722831868185 , 158.346986225087988 , 1.23504199384599
1237648704566461248 , 159.150764005429011 , 0.0711629537106119037
1237648722293817997 , 155.694873467522001 , 0.767210605595336048
1237648722293686804 , 155.355516681186003 , 0.683532579612507019
1237648722831278248 , 157.037371664162009 , 1.09276283532070995
1237648722831410030 , 157.347523199179989 , 1.11314139946014001
1237648705639678074 , 157.992301591748998 , 0.901557427462867045
1237648705640858275 , 160.715729451327007 , 0.933345289578515036
1237648704030376882 , 160.992015208834999 , -0.263654504394798983
1237648704565347101 , 156.659678725018011 , 0.0987526228713326015
1237648722296308600 , 161.353528614845999 , 0.692080579479906977
1237648704567574965 , 161.65431048535001 , 0.133737039283668008
1237648705104511535 , 161.910461057177002 , 0.632033449623319976
1237648674495791803 , 160.926816100393012 , 0.284476227128751979
1237648674496184816 , 161.759984159572014 , 0.345877640285693011
1237648704564822854 , 155.330497840226002 , 0.0381791708389698989
1237648705639743956 , 158.160912492425012 , 0.90041019566751701
1237648674495725761 , 160.725670682507001 , 0.224994415080108007
1237648673959183261 , 161.42380944128999 , -0.0598660692079168028
1237648674496053581 , 161.456717260172013 , 0.207726470184112
1237648722295718518 , 160.015948914148993 , 0.830960215412999026
1237648722296374145 , 161.49688881756299 , 0.646400552366364956
1237648722294211059 , 156.528082693288013 , 0.75743891515152495
1237648722295128917 , 158.689388343016986 , 0.758713855616590993
1237648722831474773 , 157.381382788004998 , 1.11481645807044005
1237648722295849528 , 160.287849521565988 , 0.817405880269416962
1237648722830623660 , 155.459608121169993 , 1.20518886700429007
1237648705102742183 , 157.822735934360992 , 0.565584354604729
1237648705640989084 , 160.877568766276994 , 0.941551887990281999
1237648722832261811 , 159.204867764768011 , 1.08828817937187994
1237648705101693131 , 155.372364360656007 , 0.590285936036148984
1237648675569336364 , 160.404620017875004 , 1.21547910552914007
1237648722295653049 , 159.865628416803986 , 0.704699503488546042
1237648704567444165 , 161.363441248219999 , 0.193909323488377999
1237648722296308632 , 161.382249808338997 , 0.742220395171365954
1237648705638367888 , 154.96434970157901 , 0.942219125315174044
1237648704030507745 , 161.275969026994005 , -0.239587158493627994
1237648705104052644 , 160.722434509985987 , 0.481189371847610015
1237648704567705731 , 162.034972946289002 , 0.0678065103804913055
1237648722295325048 , 159.124508251652003 , 0.69732128907248403
1237648722293686754 , 155.330402097106997 , 0.828592270160881994
1237648675033121313 , 161.935859809238991 , 0.661843709496307997
1237648722831671995 , 157.856699591481998 , 1.07416504370023991
1237648722833113934 , 161.192809313623997 , 1.23133404078448994
1237648722832654903 , 160.144674016349995 , 1.14237940392733006
1237648722296439556 , 161.691102850341991 , 0.761719266476161949
1237648704027886083 , 155.290731354413992 , -0.258636160368769019
1237648704567050914 , 160.497547247799986 , 0.106088044834157999
1237648705104380625 , 161.600178687578989 , 0.426112974937944977
1237648722294604686 , 157.394892560257006 , 0.645563146221517004
1237648704566002131 , 158.139383062016009 , 0.0715900183634294029
1237648674495594590 , 160.424619468246988 , 0.262880729888280984
1237648722294604279 , 157.402527861539994 , 0.822694659523772964
1237648705640727163 , 160.354166589315014 , 1.01555557315601996
1237648722295456018 , 159.404092128661006 , 0.774536309824434999
1237648704028017030 , 155.491662157201006 , -0.238523173498967012
1237648722296373643 , 161.438991106456996 , 0.713306921521582038
1237648722295980720 , 160.620150826512003 , 0.670725651393385025
1237648675032794071 , 161.11436468557099 , 0.832979664276144005
1237648675033121640 , 162.000537167682012 , 0.670869010242463037
1237648705102610796 , 157.44781696749601 , 0.595251480158296986
1237648674495988599 , 161.367297874243008 , 0.246222166431104006
1237648722293621199 , 155.177865083661004 , 0.803668918843839952
1237648704566919650 , 160.199043074190996 , 0.111608448056022005
1237648722296570901 , 162.000488567752996 , 0.670931452054656985
1237648673959379713 , 161.934215220813002 , -0.0579440972494755027
1237648722294342088 , 156.790805861743991 , 0.696144445430304959
1237648705639809038 , 158.224757157330004 , 0.975838415433299966
1237648722833179523 , 161.281552698165996 , 1.05210454415147003
1237648705103528550 , 159.53867398260499 , 0.488327182958423978
1237648705639023144 , 156.42623355491699 , 0.885525800517951045
1237648722832785875 , 160.412029783885004 , 1.13327044550093992
1237648705101496851 , 155.010490616829003 , 0.501332149422425988
1237648705638695240 , 155.677427385193994 , 0.84582500545803696
1237648704565411870 , 156.71321614328599 , 0.0110502188302197997
1237648704566330054 , 158.902303773977991 , 0.0171064863813060013
1237648704567575083 , 161.701535358316988 , 0.0915598689805040972
1237648722293949048 , 155.979069369792995 , 0.71883442314752799
1237648705103790517 , 160.160150472585002 , 0.457635248792014004
1237648704028606474 , 156.840264931206008 , -0.261546321009839988
1237648704567706093 , 162.029356957065005 , 0.0595328411584344006
1237648704029196874 , 158.220025878255001 , -0.206291101818502992
1237648722832261692 , 159.295703419097009 , 1.22635760408745997
1237648722294211294 , 156.619604323482008 , 0.645976924867464053
1237648722830557549 , 155.293333859045987 , 1.08521670873073006
1237648722294407364 , 156.952002952740003 , 0.720915856776748964
1237648722294407605 , 156.972112197863993 , 0.802557770487391964
1237648722832392718 , 159.522984771626994 , 1.11809941401747004
1237648705104183806 , 161.084151975988988 , 0.559680269592669033
1237648722832458106 , 159.641806381090987 , 1.08071411985112009
1237648705103986907 , 160.610221934249012 , 0.580774677121367988
1237648704564756916 , 155.22376524505799 , 0.0444498275065393009
1237648704566132794 , 158.380334892431989 , 0.00702285144188171014
1237648722295324870 , 159.135883246154009 , 0.806689443331585987
1237648722294604729 , 157.428269940511996 , 0.780482118890742038
1237648722295849819 , 160.294269852419006 , 0.675366852553198949
1237648705638433456 , 155.052285677305008 , 0.978445182869542962
1237648673958986150 , 160.99755403958801 , -0.210964865321453005
1237648722831409223 , 157.244898166772003 , 1.19254911167222
1237648722294670105 , 157.547943325848991 , 0.649939766732896995
1237648722295325653 , 159.092837758132987 , 0.682595288567283021
1237648722296243272 , 161.154565475666999 , 0.657123203469124006
1237648704028541224 , 156.689134375212006 , -0.254459112179246993
1237648722294080247 , 156.308389992987998 , 0.793294660660966988
1237648722831344104 , 157.154940463054004 , 1.2046000983184999
1237648722295062980 , 158.446210699252987 , 0.67693638203155504
1237648722294670006 , 157.662247558118992 , 0.709375651205918945
1237648675569533341 , 160.851842753850008 , 1.18576105219816008
1237648722294669906 , 157.615064928285989 , 0.658809744598338964
1237648675569992178 , 161.954330508567011 , 1.20283071202800995
1237648705102676058 , 157.603242768201 , 0.570711797053871983
1237648704028475515 , 156.583359785278986 , -0.256699321566210004
1237648722294277104 , 156.677156798591 , 0.66976917051186402
1237648674496315823 , 162.043670502612002 , 0.342761066572581985
1237648673959314085 , 161.825366070391993 , -0.16948599840824799
1237648705641447951 , 162.034681230104013 , 1.00955547172709004
1237648705101890095 , 155.84158949769099 , 0.626701562901151976
1237648705641185675 , 161.370690703659989 , 0.967851261113476968
1237648704029393269 , 158.669053779378999 , -0.244955200235588005
1237648722832589336 , 159.969255560211991 , 1.19961110318258002
1237648705102545379 , 157.310145324755013 , 0.545516106541814039
1237648704566133347 , 158.364815728053003 , 0.204603414553470003
1237648675032924550 , 161.469824937129999 , 0.648875610616322041
1237648722832720671 , 160.24919656422 , 1.06042797653137999
1237648704565936468 , 157.921379149146986 , 0.0575513153708909972
1237648704565215329 , 156.275546463029002 , 0.114494758382143999
1237648673959183272 , 161.432019592325986 , -0.0634411174057138011
1237648673959314377 , 161.710377790113 , -0.202947567173097004
1237648722294538909 , 157.336455559828011 , 0.670405641695124954
1237648675569664186 , 161.202907186104994 , 1.10249300124112004
1237648722295783892 , 160.086816260689005 , 0.816569519262138055
1237648722831344483 , 157.177193590327988 , 1.05395724257292001
1237648705640136933 , 158.96581565321199 , 0.902908629064554047
1237648704567116480 , 160.571013247986002 , 0.205158634893073011
1237648674496053255 , 161.410211621416011 , 0.391453559613367974
1237648705102676557 , 157.642013823685005 , 0.564245505454610052
1237648705103331514 , 159.12944007105699 , 0.477054429448816986
1237648704567509997 , 161.485110160265009 , 0.152403250295296999
1237648722831082318 , 156.59104780092801 , 1.06655734811198011
1237648704028606956 , 156.949116416260011 , -0.225946633864030993
1237648705103724573 , 160.049384358519006 , 0.462058911981261977
1237648704567050867 , 160.444824951599998 , 0.0471531880534149031
1237648705102414043 , 157.077946720860012 , 0.594384273229351945
1237648705640530331 , 159.848633315389009 , 1.03466101260197996
1237648704566985142 , 160.347052348092006 , 0.157443530666434989
1237648705638760834 , 155.863628290088002 , 0.980697893175965008
1237648675033121359 , 161.952934316735991 , 0.712738186332633972
1237648705104249671 , 161.282986126440989 , 0.497482071505560008
1237648705640661687 , 160.207633584655014 , 0.947094349909404998
1237648722295915536 , 160.493592050371007 , 0.765028982539662006
1237648705641120309 , 161.283776974601011 , 0.945259007687902053
1237648705640989021 , 160.997943984247996 , 0.86196845781806597
1237648673958855176 , 160.738047628548998 , -0.0697772027032357994
1237648704564690978 , 155.041135170312003 , 0.0770480875616458005
1237648722296439846 , 161.70880437268201 , 0.66580166198010704
1237648675032858902 , 161.29837719394601 , 0.828195795902411991
1237648675032663026 , 160.944221071776013 , 0.69780381957049098
1237648705102807279 , 157.991408504887005 , 0.425226449620877023
1237648722832261995 , 159.30918862091201 , 1.15011134241804003
1237648705641120666 , 161.295548413336007 , 0.906651062560945964
1237648704566984776 , 160.40333067648001 , 0.0112268755038325996
1237648722832851630 , 160.634596452729994 , 1.13941015085893005
1237648722295062689 , 158.570624867699991 , 0.680050063874811039
1237648705639744118 , 158.049724947563988 , 0.955848594962541043
1237648722295128826 , 158.606146103566005 , 0.769536156681586037
1237648722830426620 , 155.064733413475011 , 1.10528861569741998
1237648722296046087 , 160.700876028879009 , 0.701714201646702951
1237648704567050870 , 160.448375510684997 , 0.108687709357240994
1237648674496054112 , 161.450349277804008 , 0.255456615089107997
1237648705638891792 , 156.080913547508999 , 0.940277501733817966
1237648705103397327 , 159.36217625927199 , 0.455920583356668019
1237648705641120457 , 161.248688041146011 , 0.968855314183043048
1237648705102151943 , 156.434799012387998 , 0.571516129848125054
1237648704566526613 , 159.266221074767998 , 0.168081491316042997
1237648705640399310 , 159.638208958429999 , 0.994844094731751949
1237648722296438921 , 161.636561432012996 , 0.717775427395435983
1237648722296439196 , 161.590999597126995 , 0.809538011470508967
1237648705640399166 , 159.543693119974989 , 0.905639111685846987
1237648675033186663 , 162.020052222173007 , 0.636493626626214004
1237648705102479922 , 157.140777998533991 , 0.540600835200250041
1237648722294800402 , 157.829903652127996 , 0.735335092827679948
1237648705104445578 , 161.680722925332987 , 0.481762371305271997
1237648705639088429 , 156.549099026879986 , 0.891978904890588953
1237648705104511419 , 161.836181248446991 , 0.623897551321920041
1237648722295324793 , 159.082147466212007 , 0.688169204596189021
1237648705104511237 , 161.816423117519008 , 0.564668129875070979
1237648722296373722 , 161.469842957908014 , 0.648868933692607008
1237648674495987718 , 161.284956628747011 , 0.322489336390113013
1237648722832589199 , 159.956123534661003 , 1.19228836216981993
1237648704567051040 , 160.521838088120006 , 0.195226325290488001
1237648704566722863 , 159.690356581940989 , 0.193374571736385004
1237648705638761030 , 155.848674402849014 , 0.889295647739987039
1237648722832392269 , 159.574105172718987 , 1.24208957324462999
1237648705104380241 , 161.490545506573 , 0.541979610828950964
1237648722294342689 , 156.863235868998999 , 0.646166870261266957
1237648722294211124 , 156.550717001413005 , 0.817025179319560979
1237648675032990167 , 161.622197559775003 , 0.81154732041135802
1237648704565805331 , 157.59845448533099 , 0.0120018442347594005
1237648705103856036 , 160.301850055760013 , 0.51410812707048803
1237648722831868727 , 158.348415023829006 , 1.1581986798602999
1237648705641316799 , 161.686973778878013 , 1.02364762944575993
1237648675569729809 , 161.348544303478008 , 1.04786291469390003
1237648704565084730 , 156.061468691213008 , 0.0764316526769746041
1237648722295784485 , 160.212813329304993 , 0.818311812231575009
1237648704567181769 , 160.799951354738994 , 0.0574860323370132015
1237648675569861029 , 161.64762754704401 , 1.10028124578419995
1237648722293948671 , 155.938543753646002 , 0.762668853551307979
1237648674495595303 , 160.462894723401007 , 0.309618832393241006
1237648722295718845 , 160.030773926646987 , 0.801522438012702954
1237648675033121247 , 161.910499212323003 , 0.631986157581835961
1237648722832917488 , 160.757586469752994 , 1.19892246114786993
1237648704567312407 , 161.046169915346013 , 0.183177478362980012
1237648722833048041 , 161.003101907752011 , 1.22541197569678006
1237648722830689236 , 155.725019970107013 , 1.13218993158267001
1237648705640202294 , 159.197437233150993 , 1.00333966358988991
1237648722831213201 , 156.879082265084008 , 1.05777813617843996
