1237649813739405864 , 22.5363831790800013 , -1.14768678245958
1237646547950764646 , 17.4569372987395006 , -0.0171501007399224997
1237646586071745194 , 17.5087329751985017 , -0.460973518019281991
1237649812666647173 , 24.8167721355664987 , -2.07330260840230984
1237646504465727734 , 20.6101965634003008 , -0.833674277897004989
1237646647813603428 , 24.5996061361854998 , 0.61620126164429101
1237646647808950612 , 13.9185686215669993 , 0.517272832943660998
1237646646736847286 , 17.6842723336209993 , -0.366776849779238023
1237646549025161614 , 18.8308680814058995 , 0.708482876374456949
1237646648349884851 , 23.2069364952156008 , 0.99684010759880004
1237646588218704332 , 16.1708602424203995 , 1.2418291557838701
1237646588218180327 , 15.0936936728973006 , 1.24120772770104004
1237646648350933631 , 25.6580003809425001 , 0.885050618959686952
1237646586611892351 , 24.9150816437244984 , -0.126465174856832008
1237646646734881514 , 13.1695544799807998 , -0.258232885907435983
1237646546876236401 , 15.6130170658418006 , -0.821664063355562968
1237646647277388550 , 26.148757744609199 , 0.0490554045736942973
1237646647275094616 , 20.9012121820857004 , 0.0726156287299344061
1237646547417694684 , 26.1113577155796008 , -0.504766738327190989
1237646645666709999 , 25.9370142984124996 , -1.22404211318871003
1237649813739274365 , 22.2146650306513997 , -1.2510921396927599
1237646647275094846 , 20.8905678247182998 , 0.0724640647754043049
1237646647812358148 , 21.7094002459746989 , 0.562866689031203959
1237645877416231155 , 17.8844756521663015 , -0.507364839173655047
1237646647812883156 , 23.0111764561353986 , 0.541571925249503039
1237646585534939575 , 17.5545645814863995 , -0.941646198090301034
1237646549561245745 , 17.1077658183346983 , 1.07300694435854993
1237646645666775577 , 26.0911230079111007 , -1.08981518365375996
1237649813739209104 , 22.1711310478023016 , -1.22577542236830994
1237646586612155233 , 25.5207147128468002 , -0.0503006100723449034
1237646585538019949 , 24.6745577528353017 , -0.986371312492455021
1237646587685568929 , 24.7405023530339001 , 0.77137280563324595
1237646646736257723 , 16.4221272235064006 , -0.410288292381552011
1237646646740255570 , 25.5436863115816983 , -0.223577330117532003
1237645879025075134 , 13.7752532321733003 , 0.756731391728825975
1237646587685634606 , 24.9819666260648994 , 0.649081083925568958
1237646585537233495 , 22.7544165692955005 , -0.995003572791140045
1237646547951027060 , 18.0037183332021016 , -0.133837502738045011
1237646648350277676 , 24.1899047768291986 , 0.916434070677309975
1237646648350933527 , 25.7111479517515988 , 0.875813674588487023
1237646646738092492 , 20.5465968522821001 , -0.213170487029328004
1237646647811441301 , 19.6019698691107997 , 0.59915485559702597
1237646647277060651 , 25.3786346740186985 , 0.116864072509341999
1237646587144372776 , 14.9144843167534003 , 0.371662587383050025
1237646587682160646 , 16.9164173952718997 , 0.847274161658319036
1237646586607829232 , 15.6093594783444995 , -0.0404969099904280011
1237646506074243547 , 15.8819562755973998 , 0.562605434999684961
1237646546877022568 , 17.3256830407659983 , -0.841647482236785982
1237646647814062775 , 25.6583671723426008 , 0.45600836442929199
1237646506612490759 , 19.0133173918258009 , 1.03386504375733002
1237649813737767516 , 18.7572559748880998 , -1.33410481749324994
1237646647276011553 , 22.9263156481793011 , 0.0474390293242921007
1237646646734618848 , 12.5575290815681004 , -0.226605845159359998
1237649812666319189 , 24.0480560833055996 , -2.02385625771426003
1237646588218507841 , 15.7898623470375998 , 1.23157639361859994
1237646647810130795 , 16.6184296284992996 , 0.605903776178334019
1237645879024615667 , 12.6807449306453996 , 0.820144167010491976
1237646549025882411 , 20.4535830279370003 , 0.730326458994232985
1237646586609271272 , 18.9784764017060006 , -0.0691725944205377058
1237646645664219484 , 20.1894595804417989 , -1.18724228043606006
1237646585537692088 , 23.8595122683640994 , -0.972200002373788008
1237646646739075697 , 22.7958567111127017 , -0.302428221625421989
1237645877414789808 , 14.5656982102425001 , -0.579408939931575051
1237646503929053536 , 21.0724280238455002 , -1.06887191896437006
1237646646738157724 , 20.7062877787736994 , -0.207580135647850994
1237646585537364429 , 23.1797004045750015 , -0.85657269521026802
1237646646203187967 , 25.0620157341015997 , -0.735263466792414055
1237646506074374536 , 16.1396416278514003 , 0.462448446060054974
1237646646738944419 , 22.5325948223798989 , -0.25853570071068499
1237646505002926592 , 21.4069819789133007 , -0.290593195054862974
1237646585533956628 , 15.3017549021963006 , -0.962259187354306045
1237646547416252926 , 22.6971242754359999 , -0.464606269161463026
1237646506077193001 , 22.5912586855262987 , 0.466298698781800025
1237646587685569143 , 24.7565795604395014 , 0.731716715351289015
1237649813202338097 , 22.1099593856761985 , -1.58766187322011998
1237646548488880876 , 20.1895882984445016 , 0.37243893801252298
1237646648347328950 , 17.3933798958614005 , 1.05124046200535992
1237646549564326128 , 24.0391669981584997 , 1.2276309927023501
1237646588218769611 , 16.3943192607217014 , 1.11574242023829995
1237646549562097940 , 18.9822170517847013 , 1.12659420872710991
1237645879025795900 , 15.3606032774954002 , 0.740975848623135036
1237646647276077312 , 23.0374129649276007 , 0.0360221808148774025
1237646547413369338 , 16.1391604689668995 , -0.590892289669119997
1237646587682095257 , 16.8245395602912993 , 0.719921291898881988
1237646505001615824 , 18.4715335723520013 , -0.242541907019410002
1237646549560524810 , 15.3787096120681994 , 1.17284611397134997
1237646549563342922 , 21.8105926798332987 , 1.14124828477152995
1237646503931281421 , 26.1429694290956007 , -1.07018329287215996
1237646588218114614 , 14.8471645926213007 , 1.08997795153420007
1237646547417367014 , 25.3006732788194988 , -0.467731546688395006
1237645877419115037 , 24.4491552467048017 , -0.503751073955253981
1237646547414156145 , 17.9427753125377016 , -0.547652692166344046
1237649813736063777 , 14.8699981365907998 , -1.36968742363194007
1237646506612818216 , 19.7182303501792013 , 1.02845251936476001
1237646505004761432 , 25.5541958146171986 , -0.379226077217307
1237646547414286553 , 18.3137094680843013 , -0.422094721870272027
1237646587144307232 , 14.7616386389099006 , 0.246357425105025007
1237646585537298792 , 22.9102819105574014 , -0.897989640292654046
1237646503927480757 , 17.5444417393717984 , -1.10895433375207997
1237646586609598772 , 19.6342052748339988 , -0.0796672245375140003
1237646645663432793 , 18.5173250662430995 , -1.23149404752081004
1237646646198600331 , 14.5091394998427994 , -0.662141487338747003
1237646546877285281 , 18.0459807658453002 , -0.900906292019050037
1237646646739075890 , 22.8705516080159015 , -0.321075118521925995
1237646645664350804 , 20.4967756579081986 , -1.21602559829121004
1237646646201221432 , 20.5089016184637991 , -0.725610571869207965
1237646547950568150 , 17.0073610731630005 , -0.00338782833614773016
1237646646737502245 , 19.2079736320525996 , -0.349541932522200005
1237646586608287978 , 16.661625018352801 , -0.141402548566923997
1237646645665202271 , 22.5276465498141008 , -1.1392138118678099
1237646646734684436 , 12.7076045450312005 , -0.401372425055202986
1237646646735536511 , 14.6851676927342005 , -0.378601246948211012
1237646587681112210 , 14.5891814416659997 , 0.837391563915440007
1237646647276404949 , 23.7861089182114007 , 0.107355109847630997
1237646549026341235 , 21.5422846555786016 , 0.732816116279319973
1237646506611770002 , 17.3201907739397001 , 0.844156962015628953
1237646548489077052 , 20.6146327481711005 , 0.322300639385485976
1237646647274963266 , 20.5079900566475999 , 0.117722744694881004
1237646648350474820 , 24.6770026453583995 , 1.01014585189352002
1237646585538543980 , 25.7537462241558011 , -0.918700078412678978
1237646588220342435 , 19.9276597322356999 , 1.06040608383497004
1237646506077586073 , 23.5756853800099009 , 0.47252456028537998
1237645877416755256 , 19.0072441040197013 , -0.446496883957144985
1237646549024768486 , 17.9894453734803008 , 0.672165152229729945
1237646586075677000 , 26.4120472796296006 , -0.435984931003643994
1237646547951222878 , 18.4847182413682987 , -0.028751497219836001
1237649812664156346 , 19.0566312066214998 , -2.00728231844687022
1237646503931347143 , 26.3238949820424999 , -1.12660076758895
1237646647275946052 , 22.7357804110055994 , 0.15658414603621601
1237646585534808256 , 17.3013356134820988 , -0.949792762759430031
1237646549027455655 , 24.0812807734019998 , 0.843296870587195047
1237646645662580854 , 16.519817264164999 , -1.16169041361091008
1237646505004695913 , 25.4040312595925997 , -0.255548207778700021
1237646549028307552 , 26.1335216520867988 , 0.711697666374425997
1237646646198600388 , 14.6205389952645 , -0.827499563349031964
1237646549563343399 , 21.9224350840539017 , 1.22462917592286002
1237646504466972742 , 23.5722735917843984 , -0.663021331845343953
1237646648348639858 , 20.3557036180494997 , 0.886837052303101947
1237646587685109881 , 23.7272404081885995 , 0.815970115436894017
1237646647273390683 , 17.0181225908058984 , 0.140361351381342009
1237646648345428152 , 13.0930947107089999 , 1.01580793499867994
1237646547954500046 , 25.9521069378799005 , -0.148451944861196006
1237646506612556081 , 19.1308561905240992 , 0.977190963076660979
1237646547416318093 , 22.9487855088366004 , -0.450552328277119996
1237646646737764891 , 19.8648935325127987 , -0.210762533815646996
1237646647273259885 , 16.7187577215631009 , 0.172326091634568995
1237646648346214736 , 14.8344058536603995 , 0.871760107626531999
1237649813202469320 , 22.4055060883036994 , -1.68355811777270992
1237646646201680584 , 21.6272766585669984 , -0.790526565527304048
1237646503927743072 , 18.1640419427205018 , -1.08691261592442001
1237646646203712036 , 26.2612971954458985 , -0.802527105768882976
1237646506074243808 , 15.8896397502533002 , 0.418537401372992002
1237646506076144169 , 20.2821750913261987 , 0.533338124006718983
1237646587684651626 , 22.7326213368062007 , 0.694927281723268009
1237646588218769621 , 16.4500808270783985 , 1.12843347730786991
1237649812665336392 , 21.8685139190387012 , -2.04944629563301994
1237645877419180824 , 24.6198483701916011 , -0.598596849494603012
1237646585538675162 , 26.1724570730481005 , -1.03379809385974997
1237646586075349558 , 25.7357696122315005 , -0.409052035382917012
1237646585535856734 , 19.6892313129112999 , -0.900288398499255016
1237646647275356605 , 21.4342429482456005 , 0.0117748227773312002
1237646647275815620 , 22.4485690021102009 , 0.108426482533475005
1237646648350605717 , 24.9097569548621003 , 0.933818235773533956
1237649813735932106 , 14.5626199068011992 , -1.23187091942736004
1237645879025796100 , 15.3657507027793994 , 0.696688652241592044
1237646588222309050 , 24.5070439952963 , 1.18051434245169995
1237646588218507717 , 15.8559375798211004 , 1.08960763125062998
1237646547416449162 , 23.1799363816919985 , -0.562661091915488965
1237646645664350887 , 20.6102033256470989 , -1.13506415200360999
1237645879026713311 , 17.5384458920952007 , 0.720811119856994975
1237646504465793399 , 20.7682624944069012 , -0.773464453076132985
1237646504467628886 , 25.0429827936431018 , -0.687621531651209983
1237646648345624836 , 13.4624802582517997 , 0.933231328322967957
1237646503926563327 , 15.3555837282527001 , -1.20543202577855002
1237646648346542569 , 15.6648183018136002 , 0.894345476445796983
1237646586070631258 , 14.9513992804417004 , -0.500622684547636032
1237646547954565278 , 26.0864677851452988 , -0.0442353182148357005
1237646647810261287 , 16.9021337919255998 , 0.521398548957511032
1237646503929381168 , 21.8832114497771002 , -1.09112533255867006
1237646506078897011 , 26.4749495164595992 , 0.560796410626066
1237646503928398583 , 19.5840229856772012 , -1.19026082869460992
1237649813201551990 , 20.3325776068930004 , -1.7765316956430599
1237646645665792053 , 23.7848896930072016 , -1.15146663371100999
1237646648350147308 , 23.9230112343948988 , 1.0342720546398001
1237646646737502378 , 19.232442802002101 , -0.408985995127015001
1237646586609926748 , 20.4584510898037983 , -0.0730718268953095967
1237649813739536748 , 22.8641911051009004 , -1.16597593404708011
1237646645665333861 , 22.8050520563400987 , -1.12533545272038005
1237646647810458347 , 17.4455673356954009 , 0.535292777321657032
1237646588217983365 , 14.6572462118001994 , 1.20604106179776993
1237646648347197923 , 17.1699022970061996 , 0.975739802943666024
1237649813739601991 , 22.9440787578596996 , -1.24531766164301994
1237646648347066499 , 16.8370359703129999 , 0.92853201950289399
1237646645665464326 , 23.0361774244866986 , -1.15365721352851991
1237646646737044338 , 18.2331958060395998 , -0.317882889729710016
1237646546878791954 , 21.4078790060914983 , -0.993934593666849997
1237646588219097116 , 17.1077569760354997 , 1.07300095750846003
1237646585534022192 , 15.5144200020359992 , -1.02410069878634991
1237646647813603598 , 24.6714036643639005 , 0.472795154705942022
1237646546876563688 , 16.3880390635207007 , -0.92820935253057002
1237646547953975914 , 24.7628102841743001 , 0.0209322602776202994
1237646647811571724 , 19.8964596717172988 , 0.601587181083548028
1237646586070172267 , 13.7996687514834004 , -0.568113977497295974
1237646547413697160 , 16.9846983846437993 , -0.427688737825303977
1237645877415773082 , 16.7506213151249987 , -0.481752359645251982
1237646647811965784 , 20.9106597193102992 , 0.614961815442631954
1237646586607894790 , 15.7652002530562996 , -0.0949219568981679029
1237646549564915757 , 25.454958190115601 , 1.09837120066214999
1237646549027259177 , 23.673261139581399 , 0.734355137282434955
1237646587684257893 , 21.7793793696422995 , 0.77877738359201798
1237646647808623150 , 13.1858620284561994 , 0.497344194525696004
1237646504464089577 , 16.9487456399231995 , -0.678424503118936983
1237649812665991678 , 23.3711371480675005 , -2.00397848106895005
1237646586074366870 , 23.4788091793734992 , -0.429446555321375989
1237646548490191298 , 23.2467576235852 , 0.411352202768451025
1237646504463368580 , 15.2039919961571002 , -0.816927072446113955
1237646645661991461 , 15.2148978625411999 , -1.13151399941177999
1237646506075029759 , 17.7243093182200013 , 0.462344158643559988
1237646585537298847 , 22.9393665348246003 , -1.03056672876978994
1237646548491567378 , 26.2935345306587003 , 0.337516654722574028
1237646586072400292 , 18.9341735032401992 , -0.518453043071601005
1237646587684061456 , 21.2828920635277008 , 0.842733541314806045
1237646585538151164 , 24.8899042147419998 , -0.954479652806686008
1237646548491174787 , 25.4859064276490983 , 0.259317608364594998
1237646646734750214 , 12.8994761176468007 , -0.273372928936002013
1237646504465007222 , 19.0374014359809998 , -0.788069137734486946
1237646504464482828 , 17.858780300073299 , -0.672148320347576989
1237646648348704792 , 20.5381203073369996 , 0.946344515236619999
1237646503929249941 , 21.4896319867259997 , -1.22556007934681999
1237646645666578982 , 25.6936078180312997 , -1.16136489095559003
1237646588219884108 , 18.9551934459963007 , 1.17028244557788996
1237645879027041008 , 18.2724767874396008 , 0.646878565319473964
1237646648349622856 , 22.6667042407365003 , 0.910082397853358982
1237646549027455751 , 24.1078264108409002 , 0.708863706881039946
1237649813199913484 , 16.5762975689495988 , -1.70147367636023006
1237646647273718089 , 17.662746335968901 , 0.117202155439717001
1237646647271686665 , 13.1095056352463999 , 0.145835336939044991
1237646646199124327 , 15.7230968391949002 , -0.76027933407204995
1237646548489667192 , 22.0925032884271992 , 0.245351407134723004
1237646505001026171 , 17.1277105216514016 , -0.417170032183086015
1237646647813799980 , 25.1033127376657994 , 0.633711744473548055
1237646646201876519 , 21.999507534746499 , -0.734900083509831048
1237646645664088869 , 20.0155491529244998 , -1.06514423681831993
1237646647273193821 , 16.4662038949823994 , 0.193771650718050997
1237646506611442206 , 16.6166330536103004 , 0.884068563211253045
1237645877416296612 , 18.0216376384807013 , -0.581821775761378945
1237646503926694478 , 15.6835121961638997 , -1.21915423542719004
1237646586075611536 , 26.2286089286513011 , -0.59047702239048705
1237646645666251440 , 24.8575353472995992 , -1.10940441604135009
1237646586073252611 , 20.8282687364159997 , -0.436733340296850014
1237646647811047825 , 18.6932008709780995 , 0.546085573463691021
1237646547953451593 , 23.4418255081865006 , -0.127226969745793006
1237646588222898639 , 25.8046915188748009 , 1.20678985199740008
1237646506615374577 , 25.6579298001123988 , 0.885019869648620006
1237646647273390173 , 17.0153019816333 , 0.0229436860288071004
1237646586070368901 , 14.2688393603514996 , -0.542060045766518006
1237646647273390542 , 16.9695247157861999 , 0.102927651135686998
1237646505002795344 , 21.0731807244286991 , -0.225041714746744004
1237646506078897015 , 26.5292898930972996 , 0.45873704031875101
1237646646735274557 , 14.1801491061378009 , -0.327527866291598024
1237646646200828032 , 19.697256203883299 , -0.777921516852973949
1237645877416100411 , 17.5619622727890992 , -0.568202734009056964
1237646587683143863 , 19.2772192049625986 , 0.666880593290450019
1237646588219162866 , 17.2338326778540996 , 1.12782477192648001
1237646506612621501 , 19.2472879207734984 , 0.981825189798301023
1237646503927677104 , 17.8994081125077003 , -1.11749212149700994
1237646588219621779 , 18.3383027876494005 , 1.18402537362122007
1237646586071810385 , 17.5446280956158986 , -0.434759506109707983
1237649813739078242 , 21.8685296177722996 , -1.31619803983961003
1237646548486783586 , 15.4769101030963991 , 0.252807130437334993
1237646504464417115 , 17.6245625730884008 , -0.648254024442531995
1237646647812096571 , 21.2109258139257015 , 0.484902974989279978
1237649813200503114 , 17.9204035216516999 , -1.60300350771140998
1237646504465531653 , 20.2178527661129017 , -0.815192507033854041
1237646506613605278 , 21.5521557830239985 , 0.890475885608893014
1237646588217066018 , 12.4849497552177002 , 1.10443834130919005
1237646505003843684 , 23.5058954025647999 , -0.227894603706113003
1237649813740257886 , 24.4869736343970992 , -1.18005328187940006
1237646506077913224 , 24.2940808459866986 , 0.583871276058631983
1237646648347787562 , 18.3952538866717994 , 1.05486158951482989
1237646646737699440 , 19.7172072956172002 , -0.272746006741625024
1237646646202335909 , 23.1345177566386013 , -0.682429674284924959
1237649813201092856 , 19.2962800133108985 , -1.7732090545997401
1237646645663891603 , 19.5721491749689989 , -1.11321194270879009
1237646585534283864 , 16.0169535807774999 , -0.994232170068932053
1237646586072531120 , 19.2848490793488985 , -0.418965886036898993
1237646646740713825 , 26.5162846954827991 , -0.334157120023181986
1237646506076405919 , 20.7751505144218989 , 0.602199673524162038
1237646647272735011 , 15.4035082821841005 , 0.144566965982902002
1237646586611172122 , 23.2138394050177013 , -0.0607946480578022003
1237646505002598950 , 20.7192535889832001 , -0.274070564881472023
1237646648346149376 , 14.7616226836766007 , 0.944182372136631032
1237646548487503916 , 17.1266738238421006 , 0.36727705303715602
1237646549027717252 , 24.7273871826164005 , 0.715227945587919023
1237646503930954072 , 25.5076626558977999 , -1.1025658984848199
1237646549028241617 , 25.9488783439608994 , 0.818020810518560015
1237646646203187290 , 25.0020754580289015 , -0.764706090123996041
1237646506612949159 , 20.0699501175277994 , 0.919582863582902976
1237646549565047036 , 25.7009255299404984 , 1.09703780768215009
1237645877415772657 , 16.7583319662720989 , -0.53620961394598099
1237646506614260289 , 23.1104801638681003 , 0.878950802512292961
