1237646505002402700 , 20.1657757171551992 , -0.281743561760783023
1237646646202073508 , 22.5088746400668001 , -0.813644155730808949
1237645879024549967 , 12.5225749833430005 , 0.786687393700878035
1237646648350998914 , 25.7755438993549006 , 0.902889325874205007
1237646548489339068 , 21.2385166154259011 , 0.38979849364039898
1237646546876694636 , 16.6830630273018983 , -1.01447934879552992
1237646549565113071 , 25.8642701202475997 , 1.16316046444564991
1237646506078044212 , 24.620254919964399 , 0.452201388491152989
1237646505003057517 , 21.7038100266257992 , -0.314635296993493019
1237646503930823270 , 25.1547763430174989 , -1.16504463492733001
1237646647275815277 , 22.4551961590162001 , 0.186942522101410991
1237646648346149376 , 14.7616226836766007 , 0.944182372136631032
1237646549561967324 , 18.6710386420879004 , 1.20775865405161009
1237646647276864013 , 24.9633557222350007 , 0.205657042638550003
1237646587680391589 , 12.8899878156368004 , 0.700469458673343981
1237646647810130712 , 16.7270541092644009 , 0.435424181117795017
1237645877414330982 , 13.5517856770585006 , -0.406395219473680014
1237645877415051977 , 15.0831585413348996 , -0.500372453156021968
1237646648347853079 , 18.5623967842891986 , 1.04044458983789001
1237646645664547196 , 20.9669267128989993 , -1.06066097847145002
1237646647275749925 , 22.3721173136495999 , 0.145993179727993
1237646648349098041 , 21.4617656955513993 , 0.946098747793698958
1237646549025292507 , 19.1076731989105006 , 0.686945391825334983
1237649813740519878 , 25.1617053828282984 , -1.1472223773783301
1237646648348246735 , 19.5772863232215997 , 1.01307959094480005
1237646506613539598 , 21.3867139681005014 , 0.874643985382691946
1237646647274963266 , 20.5079900566475999 , 0.117722744694881004
1237646586075414914 , 25.7474152774618013 , -0.455147547199368008
1237646505001026171 , 17.1277105216514016 , -0.417170032183086015
1237645879026712744 , 17.5797534842802996 , 0.787764590228645978
1237646549025554588 , 19.7262563612392015 , 0.733709626541443005
1237646587682751094 , 18.3365616938297009 , 0.755122138541065024
1237649813738684770 , 20.9509671297691007 , -1.23716637763341009
1237646547950502475 , 16.8429607366873988 , -0.00152668856055134992
1237646506074243547 , 15.8819562755973998 , 0.562605434999684961
1237646645661467384 , 13.9353084328466998 , -1.16206450043095
1237646549023916070 , 16.0569666794453987 , 0.804242201763278985
1237646646735601887 , 14.9173950395750001 , -0.344964308077432003
1237646646735995017 , 15.8044062992288001 , -0.256085531213148976
1237645879027565144 , 19.4491105507106994 , 0.839691220636070046
1237646587684126896 , 21.5005258291751993 , 0.729944308137913001
1237646503927546207 , 17.6206024832776009 , -1.16196222989829989
1237646645666251440 , 24.8575353472995992 , -1.10940441604135009
1237645877419770008 , 25.8447339865851013 , -0.594775198345261047
1237646549563146289 , 21.4324569957214983 , 1.12903798418353007
1237645879026385809 , 16.8445657615843984 , 0.691741069373336015
1237646546880495913 , 25.2416395331269996 , -0.866337860947288041
1237646549563474272 , 22.1618536366029986 , 1.12209814280256004
1237645879027171884 , 18.5969312362381984 , 0.77739628154033702
1237646504463696409 , 15.9956776311409001 , -0.801894933963540946
1237646547416777390 , 24.0313740511069014 , -0.475901694781146023
1237646505002926592 , 21.4069819789133007 , -0.290593195054862974
1237645879024616412 , 12.6649930447086003 , 0.833652621805424987
1237646647277453481 , 26.2636860823581983 , 0.0726580704255637977
1237646587684061486 , 21.3016688883199983 , 0.654396800037766013
1237646646734881514 , 13.1695544799807998 , -0.258232885907435983
1237649813737374212 , 17.8515736748680993 , -1.20435209890975004
1237646586070172267 , 13.7996687514834004 , -0.568113977497295974
1237646547951682132 , 19.5217598647158006 , -0.00312670977455024998
1237646548491174787 , 25.4859064276490983 , 0.259317608364594998
1237646549564326386 , 24.1734009664996989 , 1.28061679744914003
1237646646202401712 , 23.3095732372973998 , -0.782264581890224964
1237649813738553655 , 20.6229222839075987 , -1.31324413122317996
1237646645666578982 , 25.6936078180312997 , -1.16136489095559003
1237646549563539801 , 22.3304104501511986 , 1.24113779839003002
1237646585533825082 , 15.1135218371428994 , -1.01504395558214999
1237646505004565045 , 25.1337949217615986 , -0.221115377353355014
1237646505000632419 , 16.1952302515863984 , -0.316924384803145998
1237646505004761432 , 25.5541958146171986 , -0.379226077217307
1237646645664678426 , 21.3722158692142017 , -1.24392933682126006
1237646647274963318 , 20.5219703552117991 , 0.147416871200701988
1237646648345952579 , 14.2413378464936002 , 0.955889399628771952
1237646549560852518 , 16.1739914088669003 , 1.09583535462503989
1237646586075284159 , 25.5905355484335004 , -0.473469983074378986
1237646549026144571 , 21.0578989554445997 , 0.778992274829060971
1237646646199583104 , 16.7539454278538003 , -0.740949714610294019
1237646505004433801 , 24.7771387960221006 , -0.382625346345546014
1237649813735932106 , 14.5626199068011992 , -1.23187091942736004
1237646549563933135 , 23.2511535680200012 , 1.15149140605599998
1237646548489077101 , 20.6424361252819004 , 0.421483281210663974
1237646587685175870 , 23.9321821688379011 , 0.846226070946282993
1237646504463892535 , 16.4803669772493997 , -0.737926884655264015
1237646588221129082 , 21.7344021768745002 , 1.0814002989276601
1237646549025554522 , 19.8137295004546985 , 0.668153303233810947
1237646586609598772 , 19.6342052748339988 , -0.0796672245375140003
1237646588222702318 , 25.2953194489596989 , 1.12392158487699989
1237646647275946602 , 22.8675523234904006 , 0.113648271444905996
1237646548491305458 , 25.7964130917060004 , 0.280453758339720027
1237649813740454092 , 24.8886036716979007 , -1.14120623878578997
1237646586074956234 , 24.7538741261239004 , -0.568485285731005985
1237646546878792117 , 21.361345462795299 , -0.939345558253983026
1237646549562163356 , 19.232702107430999 , 1.12730488101019999
1237646548487897339 , 17.9651178114545012 , 0.311242366262751979
1237646506613408257 , 21.099965546587601 , 0.988763842451739983
1237646645663891603 , 19.5721491749689989 , -1.11321194270879009
1237646588222767568 , 25.4999224126463986 , 1.14818664207228993
1237646547953845113 , 24.4308950808133005 , -0.177742619758195997
1237646645661008325 , 12.9654170345616997 , -1.09245857614295994
1237646646198600331 , 14.5091394998427994 , -0.662141487338747003
1237646549563408502 , 22.0627725876158003 , 1.13504223111609992
1237646549563343399 , 21.9224350840539017 , 1.22462917592286002
1237649813200240865 , 17.2644398462864999 , -1.63692696534873994
1237646548488880876 , 20.1895882984445016 , 0.37243893801252298
1237646645662712058 , 16.833688186688601 , -1.15659453764396991
1237646506078371930 , 25.2536117343249984 , 0.472052687841322982
1237646588221587550 , 22.8351276532950003 , 1.18951395068775989
1237646505003123467 , 21.9047655140877993 , -0.393572814860546016
1237646648348705218 , 20.5817536436350004 , 0.959433238144744016
1237646648348442938 , 19.9239768860634996 , 0.885743066084649033
1237646504463762097 , 16.2445549376115004 , -0.704579134421462028
1237646546878791954 , 21.4078790060914983 , -0.993934593666849997
1237646549561770413 , 18.2623329074006016 , 1.26527852497257998
1237646647812292696 , 21.6194136734750018 , 0.463250165400746983
1237646587682423084 , 17.5577452904901001 , 0.766273267602776031
1237645877414854877 , 14.7154803168112007 , -0.446067441823516986
1237646586075546031 , 26.0917670908518993 , -0.593050043116065018
1237646588218507841 , 15.7898623470375998 , 1.23157639361859994
1237646503931019682 , 25.5263556508108991 , -1.08096508714753003
1237646546878136695 , 19.9616959620786005 , -0.865320901590046043
1237646547416449283 , 23.1430920755767993 , -0.515035026801229034
1237646548487111155 , 16.1712654685783015 , 0.379313572422018019
1237646547951485619 , 19.0791219174485001 , -0.0693808437942708967
1237646547951092145 , 18.1078521719801984 , -0.0449187446096514023
1237646586074169713 , 22.9367368811454 , -0.496951071035601988
1237649813200109641 , 16.9646755064284989 , -1.64037833753873996
1237649813199782447 , 16.2925871891105984 , -1.66240001895992995
1237645877416035117 , 17.3072011861696993 , -0.459249365075541982
1237646648351326408 , 26.5275397345051012 , 1.02871245222877006
1237646585535857355 , 19.7508056749118985 , -0.927255227435623053
1237646585536774437 , 21.7704027426737987 , -0.83784896047084001
1237646548489012100 , 20.4769372329492008 , 0.363912632707297012
1237646506612097497 , 18.1138529585118988 , 0.861765130635778975
1237646547415532022 , 21.1773643644113001 , -0.540226731486564971
1237646548490453607 , 23.8687409794181988 , 0.270664323048115996
1237646648350081400 , 23.6973003579364985 , 0.853673159293363959
1237646503929184948 , 21.4630698088188012 , -1.18814808421046991
1237646646199779416 , 17.3355317933582 , -0.706967183459103032
1237646648348246711 , 19.5429928773911996 , 0.99890397665726105
1237646504467038356 , 23.6242085538573008 , -0.782335107301695976
1237646549028503944 , 26.4927897466422984 , 0.747337198721580998
1237646586609926748 , 20.4584510898037983 , -0.0730718268953095967
1237646646736322750 , 16.5783874758336012 , -0.237295550292295987
1237645877416690336 , 18.8574645244266001 , -0.550644284853847976
1237646504466645723 , 22.6793007578868995 , -0.763607299873669043
1237646645663105629 , 17.6920455380336996 , -1.2283994230628501
1237646646198010148 , 13.1730032861576003 , -0.703104412735636952
1237649813740585673 , 25.2797629272583002 , -1.16582800665125008
1237646646736060677 , 15.9514915890982998 , -0.32689031349619202
1237646586075677000 , 26.4120472796296006 , -0.435984931003643994
1237646549024768486 , 17.9894453734803008 , 0.672165152229729945
1237645877417345623 , 20.3737827662902014 , -0.569112360826708019
1237646505004236872 , 24.4493127989975001 , -0.365894121274467021
1237646648348770664 , 20.6731313900676987 , 1.03103116229464997
1237646587685634606 , 24.9819666260648994 , 0.649081083925568958
1237646548488421557 , 19.1122083349113012 , 0.392529214763895018
1237646645665923408 , 24.1477536199970011 , -1.04703870739885008
1237646646199386402 , 16.395476769851399 , -0.802778265030247962
1237646646740713825 , 26.5162846954827991 , -0.334157120023181986
1237646506613276923 , 20.7332759169748009 , 0.880059428555267975
1237646645665464326 , 23.0361774244866986 , -1.15365721352851991
1237646506076275211 , 20.5432713095731998 , 0.437840899101442027
1237646646739468575 , 23.7034640073809015 , -0.282823806688289991
1237646547954303488 , 25.4647651492437994 , -0.000308793374622098014
1237646588222898639 , 25.8046915188748009 , 1.20678985199740008
1237646645661991461 , 15.2148978625411999 , -1.13151399941177999
1237646506078175583 , 24.7891419015251984 , 0.537968819904475981
1237649813739405864 , 22.5363831790800013 , -1.14768678245958
1237646646736978621 , 18.0796043184883999 , -0.212531050950038991
1237646587684717312 , 22.849772817296099 , 0.763060757325630945
1237646504463434462 , 15.3980093582934003 , -0.83975944853206097
1237646506611770002 , 17.3201907739397001 , 0.844156962015628953
1237646646738092350 , 20.5017851176663015 , -0.254119483804940982
1237646588218966627 , 16.9021055296122995 , 1.12760391929522008
1237646648345886748 , 14.1791301228482993 , 0.853377162372093045
1237646648346411528 , 15.3769870628524004 , 0.965779604188294005
1237646647273325395 , 16.8846601206708016 , 0.203994267831291987
1237646549025816852 , 20.3090122372402 , 0.753792590726265033
1237646586612351032 , 25.9887709739221009 , -0.081202653255880497
1237646586607304856 , 14.4436054203085007 , -0.0184358260427067017
1237646506612097529 , 18.1201204434522012 , 0.900926605641649947
1237646503930691693 , 24.8335097087114995 , -1.24213960098493992
1237646503928398583 , 19.5840229856772012 , -1.19026082869460992
1237646548490584775 , 24.1239092595245985 , 0.290678245966807025
1237646549565243494 , 26.2203859997271991 , 1.20017220055858997
1237646503930430054 , 24.2974811220965989 , -1.25259200082262989
1237646506076471626 , 20.9335889467275003 , 0.612944179090677999
1237646647273324749 , 16.8695716271038982 , 0.139094180097005998
1237646648350408800 , 24.3835552268205014 , 0.883392830897667958
1237646645665202271 , 22.5276465498141008 , -1.1392138118678099
1237646506615177535 , 25.1206801602338992 , 1.00895816220685997
1237646648348704792 , 20.5381203073369996 , 0.946344515236619999
1237646549026472549 , 21.8428139432542991 , 0.837147158188407015
1237646585534022192 , 15.5144200020359992 , -1.02410069878634991
1237646549565309272 , 26.3505457773072003 , 1.17986679767114011
1237646645665268069 , 22.6735676992500004 , -1.16692589414332004
1237646648349884851 , 23.2069364952156008 , 0.99684010759880004
1237646548490977327 , 24.9827299205437008 , 0.288236329423466997
1237645877414527731 , 13.9450585453258 , -0.503828202717182982
1237646506613735593 , 21.7993999273999002 , 0.850706607471347964
1237646503927349454 , 17.2732619432770989 , -1.16646657488445005
1237646586074169886 , 23.0043539621240001 , -0.535950852797350996
1237646587684651626 , 22.7326213368062007 , 0.694927281723268009
1237646645665137048 , 22.4064585776625016 , -1.05425261733228992
1237646646739141341 , 23.0143081219250014 , -0.239928395445101
1237646647813079891 , 23.4422819952358985 , 0.505160883067679034
1237646547952926808 , 22.3217993775487002 , -0.0370678415003833986
1237646549561442401 , 17.5360940304481012 , 1.27860143627628009
1237649813737439749 , 18.1082816961073014 , -1.37512485275170993
1237645877415379669 , 15.8378462990502005 , -0.587216897288942996
1237646548489732186 , 22.1478194523378988 , 0.245546030430897011
1237645877414134664 , 13.0188564499931001 , -0.541864963074484951
1237646588219883704 , 18.9479008577230985 , 1.17212981241374004
1237645877414462148 , 13.7269848804722994 , -0.466878622959466028
1237646506076209203 , 20.4107982605424993 , 0.419698463944426003
1237649813739733057 , 23.2630426838885001 , -1.27691741580470008
1237646646200631403 , 19.2508954738135003 , -0.771253070445700017
1237646506076799862 , 21.7766666955280996 , 0.518996374943861971
1237646647814062775 , 25.6583671723426008 , 0.45600836442929199
1237646647810392130 , 17.3049906254661003 , 0.619023238799818021
1237646645665137285 , 22.4249658981034017 , -1.2357582714453601
1237646586071745194 , 17.5087329751985017 , -0.460973518019281991
1237646549026734531 , 22.4791989132817989 , 0.770355652775983946
1237646546876563932 , 16.3855353915711 , -0.897121644190329026
1237646506076275008 , 20.4503706458799002 , 0.444953232889212014
1237646504467169625 , 24.0083632428347009 , -0.815205124949446969
1237646506078241067 , 24.9396407973617009 , 0.502824409901596048
1237646646201352686 , 20.871023811003699 , -0.645147865325484959
1237646648350278091 , 24.1883832942603014 , 0.94600714407472597
1237646647808557527 , 13.1190500702664998 , 0.519182097310121993
1237646648346215068 , 14.8697721420328008 , 0.887338775415104974
1237646647276405471 , 23.8964083041697997 , 0.117554421402420006
1237646645664088648 , 19.9365813576045987 , -1.12832354359767995
1237646506077454740 , 23.1672630624338005 , 0.593108899267919987
1237646646198469493 , 14.3156103365412992 , -0.652298582667198978
1237645877415576445 , 16.3811957472469985 , -0.564358312230419989
1237646587683274830 , 19.494057253487501 , 0.785494302238751052
1237646647811441301 , 19.6019698691107997 , 0.59915485559702597
1237646647277388169 , 26.0816970362083005 , 0.0993941761507939059
1237649813738160763 , 19.7735209375995993 , -1.28479722249293005
1237646586074825518 , 24.3986031466045006 , -0.564732566339844033
1237646506612949159 , 20.0699501175277994 , 0.919582863582902976
1237646647271882997 , 13.5813020792206007 , 0.189282578627056997
1237646647810981966 , 18.6426360802789013 , 0.525195577728012952
1237649813199389137 , 15.3817670707156999 , -1.64575606758362003
1237646549024899682 , 18.2116589429442008 , 0.824624569911123984
1237646646200042136 , 17.814620759500599 , -0.694928828436383039
1237646548487373233 , 16.7549483178380001 , 0.283636805397457004
1237646506615112353 , 24.9527843648337004 , 1.00944038235619993
1237646646737306349 , 18.7787044122951983 , -0.292730569084425019
1237646549565309360 , 26.3985864349870987 , 1.15647064905946007
1237646549027717252 , 24.7273871826164005 , 0.715227945587919023
1237646504463499893 , 15.6190157558338001 , -0.750163988845584995
1237646588222898252 , 25.7440992794201016 , 1.19192512563380992
1237645877416231291 , 17.8037569280499 , -0.413414354836499021
1237646547952468351 , 21.2978082611279014 , -0.0987836588534403981
1237646586607698190 , 15.3854878779482007 , -0.0061843149198391803
1237646647272538473 , 15.0057059452849 , 0.124184419436182997
1237646505002598950 , 20.7192535889832001 , -0.274070564881472023
1237646547954303349 , 25.4004385158028008 , -0.108242472700000994
1237646587680784511 , 13.7742938018425995 , 0.808318500350053037
1237646549564129543 , 23.6158555154564986 , 1.15844279496314995
1237646647272080098 , 13.9265474308747006 , 0.0691780784308966973
1237646647808951025 , 13.9059606617182006 , 0.490870735938869984
1237646549023851453 , 15.8911022093968004 , 0.70138450355152504
1237646506613605278 , 21.5521557830239985 , 0.890475885608893014
1237646547950240641 , 16.2268676356925994 , -0.166991543844803997
1237646547417367298 , 25.3828518658660016 , -0.516836023188758986
1237646586075611536 , 26.2286089286513011 , -0.59047702239048705
1237646588217983365 , 14.6572462118001994 , 1.20604106179776993
1237646648345231497 , 12.6929339909155008 , 0.851547456413057957
1237646647274898422 , 20.4457853739091995 , 0.020656731333850601
1237645879025337171 , 14.3475552232993007 , 0.837217585476749959
1237646648350671337 , 25.1126392235007003 , 0.993323146741304952
1237646647811703132 , 20.236691677887201 , 0.557583926167119048
1237646647810196272 , 16.8884211183188988 , 0.435198357050048001
1237646646202663499 , 23.9009453628538004 , -0.649691644591236961
1237646647276929292 , 25.0038370341796004 , 0.14432338843054901
1237645877416362864 , 18.0926028590667016 , -0.455596654897010012
1237646645663236473 , 18.0591499735200003 , -1.18998861655341992
1237649813201289470 , 19.6886213689185006 , -1.66905189598285997
1237646586074497367 , 23.663947165454001 , -0.48365566319828901
1237646585533169916 , 13.5359548262216993 , -0.936797570532039048
1237646506612294237 , 18.5228048824628004 , 0.85850243463814202
1237646646739665120 , 24.0926281067655985 , -0.358581844776159009
1237646646202335808 , 23.1785508921186008 , -0.719569877013469972
1237646586610712719 , 22.2528243822751008 , -0.190620954898490014
1237646546878202556 , 20.1405026531828 , -0.86585068923392805
1237646646199124327 , 15.7230968391949002 , -0.76027933407204995
1237646647272276512 , 14.4455367155799994 , 0.174418037153088012
1237646505003843684 , 23.5058954025647999 , -0.227894603706113003
1237646504466448817 , 22.3316623729282 , -0.675355942299814993
1237646588218114493 , 14.8623578214931005 , 1.1849539098097599
1237646506076471701 , 20.9648497416158008 , 0.588565728883619022
1237646588217917755 , 14.4802366357906003 , 1.17487917947396991
1237646588222111948 , 24.0740445296959997 , 1.07278233685810997
1237646547951551303 , 19.2254019662842985 , -0.0137612480564248997
1237646646200566262 , 19.086562005327 , -0.756288414152469946
1237649813738946740 , 21.5006479317301 , -1.22922654412642007
1237645879025795900 , 15.3606032774954002 , 0.740975848623135036
1237646548490846561 , 24.6644269352506988 , 0.297865056567088005
1237646506615505387 , 25.8808216666378996 , 0.84276784534278304
