1237646549029289990 , 28.2502299875563985 , 0.695705473484353965
1237646549568454942 , 33.5046439836398022 , 1.24016324100092001
1237646506618257959 , 32.2398406460787967 , 0.849413605781429992
1237646549031518685 , 33.3585548986460978 , 0.709137401398309053
1237646588223816460 , 27.9745755153421989 , 1.24066389668586008
1237646506082369866 , 34.3853951262761015 , 0.56438004719405499
1237646549032174310 , 34.9008121266679012 , 0.756925843566110035
1237646648353948184 , 32.5742265640976001 , 0.850834280617929983
1237646506617471679 , 30.438624575841601 , 0.945308975326262013
1237646588226306679 , 33.654687256627497 , 1.15618690183573003
1237646549568913932 , 34.632109683091997 , 1.10420036356689999
1237646648353751578 , 32.1423309280257001 , 1.00575659339118006
1237646549567275455 , 30.7710991961634015 , 1.08699558899169002
1237646549029093620 , 27.9052560094994 , 0.794678734327124991
1237646587687010933 , 28.1232838016344004 , 0.748738352857650002
1237646588225716796 , 32.283516383833998 , 1.13002534532483989
1237646587689894641 , 34.6773910901370002 , 0.680309450042586028
1237646587689436158 , 33.572304619470998 , 0.699761601434327973
1237646588224274929 , 28.9533140221332985 , 1.25899180728083993
1237646506080862751 , 31.0012421371222011 , 0.613842378730246052
1237646588224406237 , 29.3089705426318012 , 1.07474227909891007
1237646506618126631 , 31.8390132903941989 , 0.984350703557514972
1237646549566620411 , 29.3521595998509994 , 1.08096332765083991
1237646549029093770 , 27.8461403212901004 , 0.849158884471338027
1237646549030273205 , 30.4966573649798995 , 0.739730740241336004
1237646588226503286 , 34.0980257441324 , 1.08869274958114004
1237646647818126119 , 34.9463183932597019 , 0.626935510931639017
1237646588225061532 , 30.7170450607123016 , 1.1792196475138399
1237646588224208899 , 28.7444544001604001 , 1.12449946011179991
1237646648353423684 , 31.2757620811279011 , 1.04024480796055996
1237646587688780167 , 32.0328727604280985 , 0.718641934533989946
1237646648353358497 , 31.190126308402899 , 0.856914613996485053
1237646506616554066 , 28.3214425997145014 , 0.913056305372053956
1237646549566947680 , 30.0827077994669985 , 1.18216685058987991
1237646588224012625 , 28.3078751905811998 , 1.08597763588115992
1237646506081910808 , 33.3627941973804027 , 0.608347901709916039
1237646549030142784 , 30.3130337667412988 , 0.671165666105919989
1237646506080731470 , 30.6452460187664002 , 0.593191448092413975
1237646587689108509 , 32.8983621155981965 , 0.744139558727816008
1237646647817208291 , 32.8561123850116985 , 0.601130561709012023
1237646587688649084 , 31.7471952398894999 , 0.805142821850488022
1237646549566948030 , 30.0992397319291989 , 1.16318518514001989
1237646588224602784 , 29.7499917776403997 , 1.26269142133380008
1237646587688125203 , 30.5523447172201017 , 0.639546184749453017
1237646506619109831 , 34.1260789701159979 , 0.958972135308121976
1237646506080469648 , 30.1310227656130003 , 0.586038461990711967
1237646506619437247 , 34.8895763885685994 , 0.919874131128631034
1237646648354341514 , 33.3834610332550028 , 1.04246166863640011
1237646648352440508 , 29.1157515422301998 , 0.940348949363721043
1237646549566292388 , 28.5812685315083002 , 1.13082384091915999
1237646549029749260 , 29.3957399127931005 , 0.775918936506345025
1237646587688714601 , 31.8966468682892987 , 0.68211033969063295
1237646587689305149 , 33.3747740775979977 , 0.669621316189831006
1237646587689173624 , 33.004026827927099 , 0.766143905051232976
1237646647816815183 , 32.0003773411607 , 0.619536798074928008
1237646588226307030 , 33.6646309888114033 , 1.21182225852915004
1237646587688255943 , 30.8793979341131006 , 0.712564673524992975
1237646587688125212 , 30.5576423148802014 , 0.657010357014320978
1237646506081648953 , 32.7618778723131001 , 0.586323956315123018
1237646648353358135 , 31.1445661140322017 , 0.942606556323582034
1237646587688977486 , 32.5371960811595002 , 0.833013391641820977
1237646506617012880 , 29.3126545552376001 , 1.0121078770715799
1237646549568979564 , 34.6996537653085966 , 1.14042102030230996
1237646648353751517 , 32.1138221614783035 , 0.927737561488354956
1237646648354340973 , 33.4258858467619007 , 0.917187162221578034
1237646648353489444 , 31.5521721552896999 , 0.998755605477544051
1237646549029093510 , 27.8507454929114999 , 0.768219753761594015
1237646549031060165 , 32.3577349196379984 , 0.666499544335176997
1237646647815504267 , 28.9004432489841996 , 0.548717377721514965
1237646587688452598 , 31.3330855730599005 , 0.786784657037548962
1237646506616881956 , 29.0268564245953016 , 0.846261235116305022
1237646549029225131 , 28.1158549680095007 , 0.65808551886627098
1237646549566489384 , 29.1070423980306998 , 1.22887353539749
1237646549568848607 , 34.489302624935398 , 1.18778986428140998
1237646587687535146 , 29.2332342266559984 , 0.833801843149517996
1237646506080862779 , 31.0372705259080988 , 0.583746754434914972
1237646506617209215 , 29.7788075745418013 , 0.944901735490078054
1237646587687404297 , 29.0276724191914006 , 0.729441490854306984
1237646587687600685 , 29.3898450980446988 , 0.770687037451583956
1237646587687207497 , 28.5426942808364004 , 0.658753955993407025
1237646587689959525 , 34.8276843865774026 , 0.755462185797787011
1237646549566751056 , 29.6302728799164008 , 1.0875054505114401
1237646549031649978 , 33.6312728428572996 , 0.780037361241642024
1237646587689894896 , 34.6900159605548026 , 0.841874082627031006
1237646549568324060 , 33.3058636871339004 , 1.16480824315391995
1237646549030338735 , 30.6241558159128999 , 0.696005368449491013
1237646647816880810 , 32.1434945140940016 , 0.54385988923140105
1237646587687732002 , 29.7793419064511014 , 0.845810002042720055
1237646549567602937 , 31.5239229260921014 , 1.07585619930556997
1237646549566619742 , 29.3199956036287013 , 1.25419298156864989
1237646648352506544 , 29.3149433421096006 , 1.03268997856744993
1237646506617864408 , 31.2073597873731998 , 0.915029043234282025
1237646648352964795 , 30.2299437194248988 , 0.90903436107850899
1237646506080535293 , 30.2050779543411991 , 0.584934233764464961
1237646549030076775 , 30.0408079503250001 , 0.72184579089393397
1237646549568389768 , 33.3772363593153969 , 1.24667742672115001
1237646587689763993 , 34.3774088459805967 , 0.703733640992799003
1237646587688059744 , 30.4030847927536989 , 0.719384921880514949
1237646588225979307 , 32.8635330659946021 , 1.22973352870290009
1237646648353882798 , 32.4587056678043027 , 0.852586091602790974
1237646587687469171 , 29.1287345404034994 , 0.725825188341525984
1237646549030076777 , 30.0395691194909986 , 0.703800751956886961
1237646506082435319 , 34.5083560340802009 , 0.611013208767075988
1237646588225520531 , 31.8138366962982992 , 1.25238846022920991
1237646549030797708 , 31.7422043360996007 , 0.756410097495281986
1237646549566488746 , 29.014959330125901 , 1.19757714903169998
1237646588224537099 , 29.5623289564055014 , 1.10640302376248001
1237646549031846305 , 34.0916659198801995 , 0.751665573547368959
1237646587687469852 , 29.1593484234544995 , 0.66157052841042896
1237646647816028806 , 30.1309604084603002 , 0.586038322174174953
1237646587689632413 , 34.059875082642499 , 0.813526655068823046
1237646549567603006 , 31.5562254394765986 , 1.23076056089595998
1237646648352112759 , 28.2847652689179014 , 1.03939082137977001
1237646588226241304 , 33.3937747995048966 , 1.15695607994767991
1237646588225716833 , 32.2962248307398028 , 1.06823014535384009
1237646588224144096 , 28.7033009815504982 , 1.17902402442185994
1237646549568127832 , 32.8640871002636032 , 1.20414052710984998
1237646506082042023 , 33.656314674832899 , 0.611392723244217007
1237646648351982041 , 28.0603457105934986 , 1.04906543218236004
1237646549030273103 , 30.4713704368699005 , 0.661162078673629972
1237646647817011851 , 32.379700757627198 , 0.534285903397225037
1237646648353358276 , 31.1987601821886003 , 0.848053980012285047
1237646647815111212 , 28.0953860907869988 , 0.613980065354625015
1237646588224733479 , 30.0237099134278012 , 1.12026062667938997
1237646549030011487 , 29.9648681498121014 , 0.69344832667748102
1237646549568192996 , 32.9638012849526021 , 1.27819554667399005
1237646549031911463 , 34.3021636412137028 , 0.797267031099198054
1237646549032173923 , 34.8298852992596011 , 0.857045670911650959
1237646647816815068 , 31.9541092289894983 , 0.542105194957165026
1237646587689173945 , 33.0122437873956969 , 0.757290570123379969
1237646588226896296 , 34.9104242693565965 , 1.16090915640940007
1237646549568258158 , 33.0763625623561026 , 1.14469370591887998
1237646647815766497 , 29.5334671058756015 , 0.582366068517037982
1237646587689959697 , 34.7294606850771999 , 0.706918374476025013
1237646588224078585 , 28.5844513016380013 , 1.18065039063380994
1237646648354865771 , 34.6013238616701031 , 1.02922361194334999
1237646648353358530 , 31.2401415508800007 , 1.0350836805883199
1237646506619240885 , 34.4364562448693974 , 0.964781646119144964
1237646648352768521 , 29.8877566970177 , 0.976349360340842964
1237646648352506642 , 29.2658205264269 , 0.918999080814437042
1237646506082304441 , 34.2672252700305009 , 0.599822823866727028
1237646506618454413 , 32.6389881551012024 , 0.884188654995308965
1237646506618519946 , 32.7974156942220034 , 1.02675248735286995
1237646549566423583 , 28.8511736509864996 , 1.17725580759602
1237646506081124924 , 31.6165708909287986 , 0.620069248306030052
1237646549030863632 , 31.8868430532528002 , 0.704592948677357001
1237646549030600968 , 31.2230470618265983 , 0.68516808609311497
1237646587687207441 , 28.5189664487352985 , 0.742894258298877008
1237646549030666966 , 31.427936141778499 , 0.778005188674598003
1237646587688910886 , 32.3794090333173017 , 0.832213884619781963
1237646506617733303 , 31.0495178552154982 , 0.937007348441175947
1237646549029683436 , 29.1235767521183995 , 0.800139540884558964
1237646648352506369 , 29.2435946109435001 , 1.02138174095985002
1237646648353227207 , 30.9101502952078988 , 0.859982974660185029
1237646588224077894 , 28.4704353274985991 , 1.25636619106222991
1237646588225520428 , 31.878620234187899 , 1.13089367130185003
1237646506080207408 , 29.5334235692827995 , 0.582393798438153976
1237646648354996901 , 34.8591396536399998 , 0.883915931133348987
1237646549031453038 , 33.1884552453171011 , 0.821472344196100046
1237646506082107718 , 33.7990771199333011 , 0.53624131265344499
1237646549030142129 , 30.2967134663064996 , 0.775207099219115014
1237646549031780564 , 33.9349816200222989 , 0.823140767572335008
1237646587687862602 , 29.9636227314395001 , 0.646050420770044043
1237646588224406454 , 29.3117222319635005 , 1.1615627816999301
1237646588223881600 , 28.0047199444015007 , 1.09989746191057991
1237646587689894873 , 34.6673728559800978 , 0.69318602327148604
1237646648353489116 , 31.4609815828817005 , 0.930205383008850029
1237646648354537517 , 33.9380796693908025 , 0.945793716730374046
1237646549566292393 , 28.5844398936809014 , 1.18074985342788996
1237646648352571906 , 29.4213661571833995 , 0.983164787750908986
1237646587688059256 , 30.388556834786101 , 0.827201766351874035
1237646549568389318 , 33.3926450938399029 , 1.19863095507707995
1237646506618323435 , 32.3948802224365977 , 0.909571218159462958
1237646549029421663 , 28.6276096371551994 , 0.806350971856238052
1237646648353620627 , 31.7467125985210004 , 0.905550475493159035
1237646588226306357 , 33.5455049707703026 , 1.24100693636368997
1237646648354210231 , 33.184477586614797 , 1.04925651458855995
1237646648354144738 , 33.0064847040982983 , 0.913743654087181945
1237646549030994589 , 32.1986876680073024 , 0.717075021068109053
1237646648354406526 , 33.6523065888858994 , 0.990321091545188992
1237646549029355928 , 28.4368956249149996 , 0.72335148899962598
1237646588225913546 , 32.7567028283631032 , 1.26688752355038003
1237646506616422552 , 28.0324252047531992 , 0.953891795477997961
1237646506617405831 , 30.2299333844941991 , 0.909043749725925054
1237646648354013652 , 32.7279939772570003 , 1.03093431402513991
1237646549031518615 , 33.327702691443001 , 0.860212423314496988
1237646587687404582 , 28.9949851796882996 , 0.668696820602355024
1237646588225323532 , 31.3467523544932014 , 1.08033288543065997
1237646587689436178 , 33.6150917705263979 , 0.82299549818232598
1237646549567799781 , 32.0397301265987977 , 1.15231660958723992
1237646648353554898 , 31.6888899586794004 , 0.89595860348916101
1237646648354472410 , 33.7383904492797981 , 1.00720349274889998
1237646506081648928 , 32.7515776652950024 , 0.583783386747292021
1237646647817863524 , 34.2765990435224026 , 0.561915237734808004
1237646588225979380 , 32.7950569051656018 , 1.12664334816803002
1237646506081059242 , 31.4706310356425014 , 0.530907905273415026
1237646549568651456 , 33.974976096532302 , 1.12887858483354009
1237646588224668314 , 29.9194979954867009 , 1.06575731268967999
1237646549566227048 , 28.3989195061027004 , 1.2027384066076301
1237646549566160970 , 28.2934989447457994 , 1.17003213214260993
1237646588226306271 , 33.6419004650596989 , 1.26460810356291997
1237646587689304776 , 33.3585914603255986 , 0.709117672751442996
1237646588224143801 , 28.5958405445693984 , 1.13696268503202003
1237646506081518163 , 32.4482153417611983 , 0.54576769182394802
1237646506618716219 , 33.2937056408161993 , 1.00431761937113007
1237646506079683098 , 28.3331789605032007 , 0.554283973915585038
1237646549568914132 , 34.6280415566129989 , 1.16959799100823991
1237646588224799904 , 30.1377057674651994 , 1.21561883360551004
1237646647817666930 , 33.8203984698510993 , 0.601401065355651965
1237646549029290239 , 28.2419022073104991 , 0.740681610405280022
1237646648353554482 , 31.6976230858854002 , 0.960497189287596975
1237646587689828987 , 34.4743174409413982 , 0.737061421659213956
1237646587689501611 , 33.6861238842146022 , 0.704691961165238023
1237646588226699463 , 34.4623532259380028 , 1.18231908783210993
1237646588224340336 , 29.1529101185872008 , 1.07452937056064002
1237646549567406331 , 31.0719264568886011 , 1.21287808375361994
1237646549029945868 , 29.8399512722603006 , 0.693252355803208986
1237646506616685205 , 28.6583450401630984 , 0.993355503310870969
1237646549030011101 , 30.0198465293257009 , 0.805976741076868008
1237646587689632424 , 34.0685948106877987 , 0.813191533972061009
1237646549567275309 , 30.8465698551605989 , 1.25181311010327989
1237646588226306855 , 33.6099532086701984 , 1.21707645327313996
1237646587687600541 , 29.3410272030900998 , 0.813491661464500027
1237646506619437692 , 34.8055776707075992 , 1.02679496926089997
1237646549567406646 , 31.2049391597346997 , 1.1783604167336299
1237646648352244296 , 28.6850506009174993 , 0.886793940186745955
1237646506081124971 , 31.5303382449174983 , 0.547469498092990947
1237646549566030538 , 28.0530759772013987 , 1.24340996661896996
1237646588225716967 , 32.2055349956860013 , 1.1748015749165901
1237646549567930842 , 32.3648364486524969 , 1.27656599370752999
1237646549029355969 , 28.4445838115407987 , 0.712573343027161021
1237646549029683280 , 29.1287353391542005 , 0.725832743154736004
1237646549030208013 , 30.4072964149195002 , 0.777393068481572969
1237646648352440843 , 29.1003540023685012 , 0.960456555214496022
1237646648353423607 , 31.3574475063556015 , 0.897647966679343989
1237646549568127831 , 32.8635797713016018 , 1.2297284417354799
1237646587687142294 , 28.3111665701873001 , 0.738603212574583945
1237646588226175912 , 33.2687326644309991 , 1.11592358168661998
1237646588224602490 , 29.6650721701266988 , 1.09393673933298996
1237646506618650647 , 33.1353185765252007 , 0.879666577343872991
1237646587687731496 , 29.684620765447999 , 0.677960498556195001
1237646648354538035 , 33.9027475968947982 , 0.877188801661408002
1237646648353882828 , 32.3685421636928012 , 0.965432381052286015
1237646648353817177 , 32.2114197041776009 , 1.04115905951691001
1237646588225323711 , 31.4054947195904006 , 1.10559591316983008
1237646506617471713 , 30.3110633050922011 , 1.0157198360861901
1237646588224799903 , 30.136068785653201 , 1.2620751136061199
1237646588224209110 , 28.7745998237953984 , 1.07867438757471001
1237646587688583783 , 31.7078450527294997 , 0.732569548358506961
1237646587688452569 , 31.3218874306470987 , 0.822177143969214042
1237646587687338424 , 28.7539121697292011 , 0.799075160321052969
1237646648353030601 , 30.4350428589347004 , 1.00635674358548011
1237646648352178356 , 28.446721071454899 , 0.999923450774369948
1237646549029225136 , 28.1223170932914996 , 0.795449449373416995
1237646549566685625 , 29.5623231948578002 , 1.10635652711520005
1237646506618388598 , 32.5453340115796976 , 0.911322283934089983
1237646506616946757 , 29.1157949688817013 , 0.940342763394124037
1237646587689763388 , 34.3378134552854988 , 0.794858870871320011
1237646506618585243 , 32.9318091860856015 , 0.875338661611659963
1237646506618716703 , 33.2919237780377983 , 0.861695015293317046
1237646506618782080 , 33.3648114878655022 , 0.846046596986325006
1237646648353227053 , 30.8250791664686012 , 1.03740528393496989
1237646588225127266 , 30.9689771919405992 , 1.16276742674445011
1237646506082239149 , 34.1194414638622021 , 0.599735251740532993
1237646549569045147 , 34.9104388735448978 , 1.1609023360889299
1237646506617143829 , 29.6994851159042987 , 0.893231112232931945
1237646549031518259 , 33.4003340001019993 , 0.771818923893945019
1237646549030273528 , 30.5898269801528002 , 0.669940569669018049
1237646587689828740 , 34.5236417335262971 , 0.767543486843908052
1237646587689173812 , 33.0763054018000986 , 0.763153559823262051
1237646648352899365 , 30.0714567579193996 , 0.962298154156904006
1237646549567930938 , 32.4118306360741002 , 1.18316168800225996
1237646587687928452 , 30.1420394346885985 , 0.644951103625697963
1237646506080404092 , 29.9811530969465991 , 0.597291122874883951
1237646506618126587 , 31.8163235307271997 , 0.852644371179366978
1237646549031977447 , 34.431526955175201 , 0.711935640673842962
1237646506080928398 , 31.1229853471666011 , 0.58846734541586998
1237646549030470187 , 30.9859094362879013 , 0.764895667421162995
1237646549031649987 , 33.6324409797691999 , 0.696371646195312
1237646588226830677 , 34.7312907792687966 , 1.17910055130340008
1237646587688387180 , 31.2189198384680999 , 0.701470159780225977
1237646588224864599 , 30.2376852801758993 , 1.10955763574767996
1237646587687010919 , 28.1158849189942011 , 0.658116123240452988
1237646549566161308 , 28.2965597728248994 , 1.07507180470300989
1237646588224929858 , 30.3938352931932982 , 1.17367098845993989
1237646588225192811 , 31.0227072932969001 , 1.23759327062387992
1237646648354668696 , 34.1332162908068995 , 0.869212131351299044
1237646587689173732 , 33.0451548972591027 , 0.760508662120485956
1237646549029879877 , 29.6467735827229006 , 0.820015027023746956
1237646647816225126 , 30.5234358193354005 , 0.548036635339981038
1237646588226503054 , 34.0040346646160998 , 1.11041452698862009
1237646506617078040 , 29.4269137166009003 , 0.945270794178535989
1237646588226110009 , 33.1733049899428991 , 1.2185459857363401
1237646587687011075 , 28.0724216302354002 , 0.835262853212741962
1237646588226568771 , 34.2035250233259021 , 1.09178716711316004
1237646588224275255 , 28.9507456288672991 , 1.19237777522669997
1237646648354537834 , 33.8275314446469011 , 0.873678416965477989
1237646506080928171 , 31.1203483395835008 , 0.602485074882278981
1237646549030863721 , 31.9262543102407008 , 0.772037042946681962
1237646588225388937 , 31.4690030253203012 , 1.18241197433630996
1237646587687142337 , 28.4332485124505006 , 0.69129321336173899
