1237646585548636969 , 48.8530334997684008 , -0.908355031043301953
1237646647819960777 , 39.1497911496941029 , 0.538590393534417955
1237646509833126536 , 45.4975666229810969 , 0.204078808916151988
1237646547427393769 , 48.1364107995268 , -0.518932645893550037
1237646586622575095 , 49.2904841096911994 , -0.167711501057236007
1237645877431239050 , 52.0333100140720006 , -0.42559301527705401
1237646708480868537 , 51.5529337835936019 , 1.13108810255146008
1237646509298352144 , 50.2453072751630003 , -0.347561861921875992
1237646508760301960 , 47.6192216012198983 , -0.787298380575293
1237646587697758809 , 52.6279533574157981 , 0.787046902674012006
1237646706329584108 , 42.8435315463813993 , -0.539531542143241949
1237646509299007906 , 51.8193881570638979 , -0.258534634727797974
1237646549038793259 , 49.9393168095479965 , 0.723212963134188036
1237646587159970802 , 50.5423912170921028 , 0.336439707651019992
1237646586081379086 , 39.4216082498001015 , -0.416727351551905989
1237646586085769242 , 49.4145384300962007 , -0.564521546179957978
1237646647825793702 , 52.4552715667419989 , 0.601488779072267055
1237646706331026020 , 46.1848102172137018 , -0.637037886279135046
1237646546890522741 , 48.193570366002497 , -1.01261494100531002
1237646549575336308 , 49.2447190499435976 , 1.08995109728308992
1237646508760826187 , 48.7324831037557971 , -0.643724902373793983
1237646586620216051 , 43.9673550862965996 , -0.0207968160908997002
1237645877430583401 , 50.6496585101032011 , -0.523279362461688047
1237646508221530527 , 43.2811622178819988 , -1.09645483530002008
1237646549034926234 , 41.1686121010906021 , 0.797704531773984038
1237646645677654447 , 50.9723869530319007 , -1.09445929859652002
1237646586618970490 , 41.0171344767182973 , -0.0182318741891253008
1237646547960922730 , 40.496636746209397 , -0.0668430918724722961
1237646510906867870 , 45.4459329367796983 , 0.869408217165834052
1237646586087145715 , 52.6679691921604984 , -0.418118786906199025
1237646708476608853 , 41.7697789955502969 , 1.1221435082384299
1237645877425799529 , 39.6026846407700006 , -0.48938561270198
1237646587697824317 , 52.7905502321618982 , 0.792081690001457006
1237646586621854574 , 47.6011882338346979 , -0.0956398853185655984
1237646585548702365 , 48.9621034801734965 , -0.957508381070780956
1237646549038072471 , 48.3912429973087015 , 0.788454509744718979
1237646707401753136 , 39.203160399714001 , 0.290584599401397026
1237646587158135698 , 46.3252462956750009 , 0.382505598702019001
1237646547426083094 , 45.1471252695727969 , -0.483346945310380027
1237646707938689363 , 39.4031587654042994 , 0.696627134423954963
1237646587694416348 , 44.9218911885055974 , 0.689841651305473036
1237646707404047024 , 44.5717288150544988 , 0.119561309306908004
1237646587693170718 , 42.0800895555032 , 0.647064355643838018
1237646708479230136 , 47.8008121466670985 , 1.14187421412253998
1237646705792909775 , 43.2395469756185022 , -1.07396492288793
1237646648357617969 , 40.8611043683235025 , 1.02887777636739997
1237646645676212927 , 47.7153233999626991 , -1.24905421829728991
1237646549039382798 , 51.3061832345115008 , 0.86849064624585004
1237646588230435751 , 43.0788134534602989 , 1.15223402891489002
1237646706869535216 , 49.8233772425956971 , -0.219158924771162
1237646547964199196 , 48.0752783379412989 , -0.0807395562920440041
1237646647825728344 , 52.3120215162319013 , 0.474576407625909025
1237646549034861110 , 41.0762825321130975 , 0.757571928080030044
1237646548502970424 , 52.3589709993330032 , 0.277515992995056027
1237645877430583457 , 50.5647173486318025 , -0.444064324184404002
1237646586618249817 , 39.4516533771525033 , -0.0574236511787380027
1237646708476805537 , 42.2563608738644021 , 0.982593157967147968
1237646707938558326 , 39.1178562526305029 , 0.531466014552869015
1237646646746874079 , 40.6886085896825023 , -0.249975781546218995
1237646548501725716 , 49.5546181479835965 , 0.434965460580527985
1237646588232204961 , 47.0403605659044999 , 1.06201789908144995
1237646585548702258 , 49.0538969835703966 , -1.03953300493094991
1237646645678375185 , 52.5350188355415995 , -1.22311982062161007
1237646645677522957 , 50.5974703901717007 , -1.04199334971827007
1237646588230501207 , 43.1502292628956994 , 1.26778379548689002
1237645877428290317 , 45.3121121460504028 , -0.576338121109142953
1237646708476936530 , 42.5408777849967024 , 1.02636633627817009
1237646646751724176 , 51.6926830076445967 , -0.221065450318972012
1237646647283351760 , 39.7410018078977032 , 0.108939590893746996
1237646509833977873 , 47.4319611065520021 , 0.0312530985860266994
1237646707940589999 , 43.8157742191279027 , 0.714514248134467955
1237646585545425557 , 41.605500501462501 , -0.982188922518460017
1237646588231942620 , 46.4941093137639001 , 1.2475122907370999
1237646587696186338 , 49.0064811249665979 , 0.788374819325177945
1237646586621526806 , 46.8791572312577003 , -0.0167125475544862012
1237646586084065614 , 45.5037035221473971 , -0.50017167293425302
1237646546889801785 , 46.6069385801537024 , -0.970910027848425949
1237646549034074753 , 39.1617039737868993 , 0.793272896440315956
1237645877429928821 , 49.0616776023599002 , -0.518668061815046988
1237646510909948422 , 52.5924377719926994 , 0.895008462545602956
1237646708481393033 , 52.6783134567503026 , 1.06670092351611001
1237645877426848597 , 42.0155653055617009 , -0.444715660198089002
1237646509298679948 , 50.9684638747052006 , -0.280614011036124988
1237646510372815264 , 51.9679538616973034 , 0.471443645113226006
1237646586085901179 , 49.7919832587062032 , -0.539044053998795958
1237646646747661018 , 42.4459708031888994 , -0.313338744067810981
1237646547424969180 , 42.7210574051331022 , -0.447045776036383014
1237646508761939983 , 51.3807540763263972 , -0.735020303139467979
1237646549571600808 , 40.7699485443450982 , 1.20065384722389989
1237646707406012714 , 48.9501876441391985 , 0.235660186946615002
1237646587157414494 , 44.6910764908689018 , 0.316600286514078011
1237646647289119433 , 52.816756498250399 , 0.157378065390888
1237645877428945430 , 46.8477855941179016 , -0.544295351063650013
1237646707406406071 , 49.9131453210689031 , 0.153391956493515003
1237646510906802440 , 45.3330811883266023 , 0.837806935276985021
1237646547426738970 , 46.6602413604117032 , -0.597692057198752957
1237646547424576259 , 41.8365824713277021 , -0.426914422702367014
1237646705792647184 , 42.6565697906773025 , -1.12498255959805005
1237646708475691542 , 39.7564379128829017 , 1.15941837589674002
1237646647288988176 , 52.6212835277788002 , 0.143726886383498009
1237646585544376618 , 39.0930119605550033 , -1.03249399297837008
1237646588231221805 , 44.8191288321394978 , 1.20118106940960989
1237646549575467687 , 49.5748385013942965 , 1.24323707289591989
1237646707938558561 , 39.1809116489060969 , 0.579953866750862024
1237646645673132587 , 40.6524711423006977 , -1.06946761899845999
1237646647283090353 , 39.1664355059114015 , 0.171538169703096988
1237646549576646802 , 52.2550019425365022 , 1.19916879200010995
1237646586624082568 , 52.8212339572748988 , -0.00769365029001346963
1237646707939869155 , 42.1790409434215974 , 0.719312188760716009
1237646647824024271 , 48.4528393927702012 , 0.634637818010508004
1237646587696186334 , 49.0010555311040008 , 0.737753078229624992
1237646646749889084 , 47.5656620441802005 , -0.361974544013862976
1237646510907064727 , 45.9814873170943983 , 0.969445841090366023
1237646546887442845 , 41.0966332267929033 , -0.913009396748494018
1237646587695923500 , 48.3929414399745994 , 0.78311048652450499
1237645877426127491 , 40.4360954752025989 , -0.558593277090447038
1237646706328601140 , 40.5828691297099979 , -0.705827329885630017
1237646647287808280 , 49.8576976834779018 , 0.214268385895413999
1237646646750610013 , 49.1533444507095965 , -0.399999459100611021
1237646705795727472 , 49.7102969652772018 , -1.04321030999791997
1237645877428617639 , 46.0942948639204033 , -0.602426546508477045
1237646708480344634 , 50.3708708529137965 , 1.11484496356445995
1237646648359387823 , 44.9863836520771017 , 0.964506900435612047
1237646645676933681 , 49.3310008653131007 , -1.07103309096141008
1237646586084393808 , 46.345050552443098 , -0.413064216920084992
1237646587159642217 , 49.7914719807588995 , 0.365820928713740001
1237646706332336467 , 49.0793203442684032 , -0.669315311602311946
1237646588232139513 , 46.9010603500997973 , 1.23775441547894993
1237646645677522975 , 50.6268169935715022 , -1.19539233289711011
1237646707402932507 , 41.9165766447651009 , 0.144002859868274991
1237646547963544158 , 46.5877248517799032 , -0.171722832313826013
1237646547961249983 , 41.2725249472455005 , -0.171677729164232989
1237646705795268703 , 48.7606560281004988 , -0.969270156095047963
1237646706865406529 , 40.5326285561355988 , -0.117128169234893997
1237646648357879911 , 41.5143260527039999 , 0.919325482878206035
1237646585548440044 , 48.4213661067665981 , -0.847150060578957032
1237646587691991472 , 39.3936910686319024 , 0.646943261972433015
1237646585545294685 , 41.1929724905735029 , -1.0157254208583899
1237646587696972121 , 50.8021902925865021 , 0.649951705373773003
1237645877425733887 , 39.553817366816503 , -0.418523958213841973
1237646588229780385 , 41.5024089388126995 , 1.12799426803981007
1237646510369472696 , 44.3679159611346989 , 0.530940299566668994
1237646647822582150 , 45.0706451343249981 , 0.57638546452091699
1237646546886853393 , 39.8836328271575979 , -0.839596857955630993
1237646707405685507 , 48.1745152324971997 , 0.275655053321789023
1237646587157677095 , 45.2015815017512992 , 0.417684504394160994
1237646549034402268 , 39.9899713444586027 , 0.660008820825110032
1237645877425865195 , 39.8045220003677969 , -0.471637252997773981
1237646586618904782 , 40.9969289314506966 , -0.177180069663447987
1237646586618708314 , 40.4120958617579973 , -0.0773393018907728991
1237646706328928969 , 41.3624525756665022 , -0.594204968054710014
1237645877431107718 , 51.7510187770348011 , -0.452025532007611974
1237646586622509443 , 49.1272999330905975 , -0.0510122940790092017
1237646588230959597 , 44.2322319513315989 , 1.24295782881195005
1237646648359715123 , 45.6582005368622035 , 0.891929972450118957
1237646548496941936 , 38.6122441975859019 , 0.393581985907537013
1237646648356700985 , 38.8865858328654994 , 0.969778798154699029
1237646647286235572 , 46.3071339045398034 , 0.0696525047351807952
1237646587692777652 , 41.1686145333838027 , 0.797736713177748968
1237646707407389446 , 52.1259585253799997 , 0.133578105172009992
1237646509835158135 , 50.1713134139351027 , 0.100832425081013005
1237646586082165483 , 41.2743278498589987 , -0.441479712124156987
1237646707941114203 , 44.9090639533371032 , 0.578868398725304045
1237646547424575599 , 41.7076000934741984 , -0.572948313122979003
1237646508222579005 , 45.6780165746990008 , -1.0670938984723799
1237646645677850652 , 51.3697331681959994 , -1.16899897070417991
1237646549036106162 , 43.8903047829308974 , 0.663069116794054003
1237646549034205792 , 39.4776903316440979 , 0.767999549133277948
1237646646747267128 , 41.5278267321032999 , -0.243555691496726012
1237646586623362118 , 51.1805482037996029 , -0.149553304454636993
1237646708477853972 , 44.6088936773958977 , 0.962609173917780003
1237646587696710458 , 50.2553707459476016 , 0.716880235611823013
1237646587696906945 , 50.7242418785764997 , 0.811242657753703966
1237646647824744858 , 50.0386110612356987 , 0.477594349021119025
1237646645675819383 , 46.6970336310129994 , -1.21400861444030994
1237646588229976368 , 41.9377193742470027 , 1.08156691616019995
1237646647284204102 , 41.6711189904941008 , 0.114439409119597005
1237646705795399915 , 48.916841729821499 , -1.01796213110844991
1237646546886460048 , 38.8995707028323991 , -0.91013336062001704
1237646586617856977 , 38.5334116727127025 , -0.0391887612074418024
1237646508223234270 , 47.0946963569048975 , -1.24697348969304
1237646587156496615 , 42.6068222741396028 , 0.317762113895998011
1237646586082493752 , 41.9130297043897002 , -0.468124580486426023
1237646707403129410 , 42.3686889648142966 , 0.231617093941492991
1237646647288070717 , 50.5662436682071004 , 0.0510167183640937022
1237646647820288513 , 39.8991060424675013 , 0.560946908665276966
1237646585546867137 , 44.7778446358108013 , -0.996204458143230998
1237646547964526783 , 48.7328975345501973 , -0.0394325265396381977
1237646510910079270 , 52.8148079883187975 , 0.963107919980836003
1237646547960267152 , 39.0385330247852025 , -0.0649363387879011017
1237646508762268071 , 52.0933007575145979 , -0.73821232960125005
1237646508759908684 , 46.7338772049488966 , -0.772523111355130965
1237646646750347671 , 48.5423851819155985 , -0.294484500658312998
1237646586618446215 , 39.8604797867762031 , -0.196167658819966007
1237646585546015567 , 42.8662063265713016 , -0.994311902298634975
1237646647288201723 , 50.8356784643556026 , 0.0769330867185225031
1237646707401425722 , 38.5141374566712003 , 0.237027484945830008
1237646546889671323 , 46.2163519102391973 , -0.887850708029981006
1237646549571994066 , 41.5845987419524974 , 1.22508511660604991
1237646586623492765 , 51.4337501807822974 , -0.15641795579558701
1237646645677457738 , 50.4779258154637986 , -1.1964402852101399
1237646509833912434 , 47.2354396887121979 , 0.0765379476569441053
1237646706331484750 , 47.2159360040722973 , -0.67760021369887502
1237646707940130970 , 42.644031522793199 , 0.559761554688518959
1237646547423527540 , 39.3513831717330973 , -0.525615875342236971
1237646508761940040 , 51.3882974227480034 , -0.734114187130260998
1237646585545818678 , 42.4133114070650024 , -0.916772093952601952
1237646547962364687 , 43.9175832091458034 , 0.0196637786965919992
1237646705791730305 , 40.6087255026935026 , -1.03074673063547007
1237646549572059571 , 41.8408610017491966 , 1.13980424321642992
1237646548499628585 , 44.7906883634987025 , 0.361739658339763015
1237646707941310645 , 45.4043505822952014 , 0.703319656969767948
1237646510906737189 , 45.1482969302678967 , 1.01513044382673989
1237646586083213420 , 43.6188810119949011 , -0.428845951955898974
1237646508762202157 , 51.9350152830228993 , -0.673601169865495009
1237646547960201804 , 38.9546053239578001 , -0.158294141961752011
1237646588234433160 , 52.2294154408073013 , 1.17942595517997995
1237646508761350149 , 49.9299550452076986 , -0.809989713016052049
1237646549036172032 , 43.9821673777390032 , 0.751610773881351002
1237646587156103620 , 41.6438491606716994 , 0.331061654710827991
1237646587693891910 , 43.7071644455875017 , 0.651137953468613029
1237646547425100337 , 43.0378801898812 , -0.474225922516334997
1237646587692974809 , 41.731418558799902 , 0.693359514083842998
1237646509835551191 , 51.0987691266228978 , 0.146018048303996006
1237645877425930824 , 39.9517276339403011 , -0.472988043303636974
1237646647825138188 , 50.9933584948973007 , 0.591631233773957987
1237646707403653352 , 43.5779622367780988 , 0.118754612899185
1237646548499497748 , 44.5106425864659982 , 0.321056033187159973
1237646585547260372 , 45.725872618750401 , -0.946015550446203002
1237646588232401497 , 47.5745864772128968 , 1.19081637541676
1237646648362074615 , 51.0654652961567024 , 1.0290254434055901
1237646547428114891 , 49.8159347564143005 , -0.425391978812464988
1237646647288594957 , 51.6563921891885016 , 0.0465234058067246978
1237646586623754463 , 51.9502638521776987 , -0.188204814657701003
1237646706331157129 , 46.5008281079378989 , -0.669867545501155015
1237646546887377454 , 40.9468829033381994 , -1.00404248161636001
1237646646747005302 , 40.8501751314484025 , -0.29296769661251898
1237646547964002883 , 47.5511381389358974 , 0.0156742702138664008
1237646705791795397 , 40.8107485765191029 , -1.14223266833572001
1237646705792188579 , 41.6505922334673997 , -1.0179832667128601
1237646587155710603 , 40.8522782503868029 , 0.342434209336652973
1237646549034598592 , 40.4934566108751994 , 0.755875149605706009
1237646549571272894 , 40.0422991260952017 , 1.27249140648495995
1237646508760170627 , 47.3510944609122006 , -0.751141099585884042
1237646647285645361 , 44.9761820417962994 , 0.217310583521727996
1237646645673853705 , 42.3325704433915035 , -1.21084470872833005
1237646547963871966 , 47.2666124861445027 , -0.112196251426618002
1237646647284269857 , 41.8412665430624031 , 0.106753745136520001
1237646706869010533 , 48.6452795427300018 , -0.105702082251076995
1237646708475298417 , 38.7962760266081972 , 1.12226161720774997
1237646647286235867 , 46.2974216319556007 , 0.0172149347039545
1237646587693826634 , 43.6839826307651009 , 0.844646550293539966
1237646646751462057 , 51.0327890233659005 , -0.361616380132763982
1237646586081640678 , 39.9865654748807984 , -0.450113458973073977
1237646647288070935 , 50.5160576733170998 , 0.206305364149112991
1237646647823041149 , 46.1147707590623028 , 0.603476594502350028
1237646549573304348 , 44.5494093940829003 , 1.17907297331069993
1237645877429667306 , 48.4306389514259976 , -0.561165367862013986
1237646586621460966 , 46.7460089378518973 , -0.0442557761393776034
1237646648360043067 , 46.5336244618773023 , 0.89572274289338305
1237646547428377116 , 50.4844172076177031 , -0.527341178885304962
1237646586081771639 , 40.2754859046210001 , -0.511725772741323026
1237646646746284453 , 39.2399454854283007 , -0.364928594439297982
1237646587696645131 , 50.1014967240601976 , 0.743811694952104974
1237646587694154087 , 44.3246386253443987 , 0.819633310605229037
1237646510909030567 , 50.4883013108934975 , 1.03320253650578997
1237646646751134449 , 50.3600699109812027 , -0.253775964957723976
1237646588234564263 , 52.4369226928569034 , 1.13770461404421996
1237646647289053819 , 52.6889709847826992 , 0.190250638207657002
1237646587692450056 , 40.4934464673968009 , 0.755875583704276988
1237646508224348328 , 49.7075804258779002 , -1.1712564870520501
1237646645673132722 , 40.5893367331418986 , -1.22964730864801997
1237646647283680288 , 40.4180096636745034 , 0.0165871670147514014
1237646508759843423 , 46.5644973857202018 , -0.644763901236531045
1237646546890392286 , 47.9423525312436993 , -0.864488247287364953
1237646547429097748 , 52.0332919144681014 , -0.425576237633401022
1237646587158593850 , 47.3095476797387988 , 0.335291774144552024
1237646547961840137 , 42.6104720934642032 , -0.0182148541039170997
1237646510907719847 , 47.4428907552878982 , 0.906508713532241051
1237646547424313899 , 41.2275729775778998 , -0.556961853373249993
1237646549575336253 , 49.2140056660757992 , 1.1923070650299199
1237646586084852010 , 47.4352442540645001 , -0.55592362044273802
1237646646751527336 , 51.2479618757286985 , -0.258519358630538987
1237646549576908851 , 52.8105568821142981 , 1.13300427040819995
1237646546892357721 , 52.3382624006436004 , -0.954201719464898956
1237645877429928836 , 49.0694742898094987 , -0.470897587887342983
1237645877426651279 , 41.5544149467342976 , -0.476637712700468008
1237646510909554858 , 51.563779765893301 , 0.884565099699962998
1237646588234433346 , 52.1757256296939005 , 1.1871632420251701
1237646586623033535 , 50.3059087015807975 , -0.168779997172607998
1237646549572453135 , 42.5918757727013997 , 1.09965714770316003
1237646646749758270 , 47.245628371758599 , -0.381561308324755988
1237646546887770434 , 41.9275914026269021 , -0.898303512257802028
1237646548497924447 , 40.8130032354667023 , 0.405448281156790991
1237646646752051503 , 52.3878230946285015 , -0.344946094062243025
1237646706332991671 , 50.6321164042956013 , -0.528888138930370011
1237646588228469449 , 38.5772759883637022 , 1.12764981344843007
1237646587691663640 , 38.6693174745034014 , 0.807013766040665992
1237646508222447863 , 45.3467530702549979 , -1.09342782111800996
1237646645676867676 , 49.1347256563990982 , -1.04264857873552996
1237646708477067645 , 42.8509393653070987 , 1.00139446212497996
