1237646586619953847 , 43.2932949790817005 , -0.0867809043986943057
1237646646747725973 , 42.500476305965897 , -0.271507186270705025
1237646587696513241 , 49.751086309667599 , 0.80446533456525704
1237646549038334717 , 49.0010445800197019 , 0.737824548086411958
1237646549034074753 , 39.1617039737868993 , 0.793272896440315956
1237646646751658541 , 51.5920594965430013 , -0.28780334236015398
1237646508225200621 , 51.6483364580964022 , -1.13058306053067992
1237646707402736273 , 41.5318809176757995 , 0.199487053363805011
1237646705794679156 , 47.325461516736901 , -0.987670491566759012
1237646585549292198 , 50.2958724068093019 , -0.934493312738298054
1237646647823696427 , 47.7017573528250978 , 0.525923501983795005
1237646546888950254 , 44.6792916525485992 , -0.931261032960528978
1237646708479885661 , 49.2564520922122995 , 0.967422570193120945
1237646647284466191 , 42.2875507791406022 , 0.172656306594234005
1237646586083934673 , 45.2900793564810016 , -0.426277104740162005
1237645877428093734 , 44.9008001577955014 , -0.547293484721920964
1237646548503167303 , 52.8085703794259018 , 0.283103771324000997
1237646508222972185 , 46.4799954855305018 , -1.05271423878026993
1237646585545622168 , 42.0468918437989032 , -0.997369610249122962
1237646587691925567 , 39.3614501638432017 , 0.72596009991867505
1237646706329911651 , 43.601210428561302 , -0.662617976824220967
1237646706328601099 , 40.6788179216642973 , -0.691099366649847946
1237646705794023920 , 45.829177619568803 , -1.05775768235982004
1237646547428705005 , 51.1872622911309989 , -0.539199543734358966
1237646586086556520 , 51.2377679049416983 , -0.468214422861335022
1237646585549947365 , 51.9328233765490026 , -0.881486223681727021
1237646585547195066 , 45.6437101447978009 , -1.02610981788708
1237646548501397632 , 48.8333597216161976 , 0.283801129794923002
1237646586086162914 , 50.3648010865884004 , -0.613576753085566029
1237646645678375185 , 52.5350188355415995 , -1.22311982062161007
1237646585548440044 , 48.4213661067665981 , -0.847150060578957032
1237646586617856977 , 38.5334116727127025 , -0.0391887612074418024
1237646510372552913 , 51.2732486717285028 , 0.477976849147886018
1237646510908572223 , 49.4494302726678967 , 0.93260988080669005
1237646707405685341 , 48.1706643669510015 , 0.317668158281390001
1237646706870124900 , 51.2244391227385023 , -0.275816686519191001
1237646547427524683 , 48.4505624737713987 , -0.465613981178456982
1237646549574877663 , 48.2412431825125978 , 1.24810821301921004
1237646509299138855 , 52.0707008507359035 , -0.323248331182933002
1237646587692450691 , 40.4789127148744967 , 0.682601232354362986
1237646585545556939 , 41.8078337317081008 , -0.941370845811214996
1237646549571142288 , 39.7340633488645025 , 1.28248402843155995
1237646508759581209 , 45.8906220960614988 , -0.742018469658360047
1237646549036106331 , 43.8873558368754004 , 0.765698102696215965
1237646549574418691 , 47.1209327608094029 , 1.19560914701667009
1237646548500480551 , 46.7642528000824029 , 0.317771257226120984
1237646648358994522 , 44.1314628677249985 , 1.00755582702609003
1237646705792057580 , 41.3720943273888011 , -1.06460012342176991
1237646547962757430 , 44.7168499009137008 , 0.0200092156745199992
1237645877427110301 , 42.6212695634936978 , -0.554109912719134012
1237646587696448321 , 49.6422317946546983 , 0.702740205570594023
1237646645678441175 , 52.7120889588790007 , -1.09335374431327992
1237646648360239909 , 46.9814913740534976 , 0.971678725950185007
1237646588231746056 , 45.9949441931753 , 1.17402633213295005
1237646706328928816 , 41.4217325895311035 , -0.636058375900610984
1237646646748053962 , 43.3324280354147007 , -0.402806418199345984
1237646645676343604 , 47.8840253226028025 , -1.13704760456475995
1237646588231680802 , 45.8303117941647997 , 1.26190233038253008
1237646647286366712 , 46.6502848901489031 , 0.156406182381190001
1237646586623492765 , 51.4337501807822974 , -0.15641795579558701
1237646648357617969 , 40.8611043683235025 , 1.02887777636739997
1237645877425734014 , 39.4765081804533011 , -0.456476615960984988
1237646508221530527 , 43.2811622178819988 , -1.09645483530002008
1237646587156300214 , 42.150815213688702 , 0.41049161023314501
1237646508760564429 , 48.2460717188622965 , -0.630555266618898047
1237646647819895499 , 39.0018698629513025 , 0.62047999942847798
1237646588229780385 , 41.5024089388126995 , 1.12799426803981007
1237646587695399600 , 47.1489269902598025 , 0.691325920395332028
1237646508759318842 , 45.3052991881764981 , -0.739282270892356985
1237646586082951548 , 42.9724836168273967 , -0.481278540838313007
1237646707404112594 , 44.7108644853952981 , 0.13220200495906001
1237646706330436061 , 44.8179624017595017 , -0.551130483327802012
1237646548501136028 , 48.1605929478583974 , 0.304266650668813976
1237646547960136346 , 38.7168898684416973 , -0.00337558535871650004
1237646509834437103 , 48.4993695761383989 , 0.106964129102326999
1237645877431238683 , 52.0809591709667998 , -0.415528058016538027
1237646548498186453 , 41.3954057953195971 , 0.431086271491251005
1237646707401621697 , 38.9270834239156969 , 0.302279069528835986
1237646647287218513 , 48.5290049248034023 , 0.0827011005277290961
1237646548499628585 , 44.7906883634987025 , 0.361739658339763015
1237646707405684780 , 48.2905868368712987 , 0.112813900150804003
1237646648361418939 , 49.6561078891718992 , 0.922160714553843963
1237645877431042074 , 51.6410307456226008 , -0.578123180516807
1237646647286235572 , 46.3071339045398034 , 0.0696525047351807952
1237646510371176622 , 48.2528375756873018 , 0.417724615065992011
1237646706869600587 , 50.0021298726896006 , -0.260478969326916998
1237646546887049845 , 40.2063540308108998 , -0.825308075542848019
1237646548500283553 , 46.2911063341146019 , 0.376264728897391987
1237646586620805550 , 45.2245057570433033 , -0.129055380526450991
1237646510906868116 , 45.5666112680485966 , 1.02022720173552006
1237646648360042754 , 46.3874780025598028 , 0.979389535612777973
1237646586619953648 , 43.3728253188918984 , -0.145095379924856993
1237646705796514350 , 51.5697447563925024 , -1.14086427337035001
1237646647824679879 , 49.9148742748448981 , 0.583535306349146965
1237646705793303086 , 44.1615942716496974 , -1.10980580552434005
1237646647287743254 , 49.7925729409372977 , 0.0829710447548644009
1237646646748971320 , 45.3798631913716974 , -0.31979217940705601
1237646648361025889 , 48.6820243970860034 , 0.885817608968906045
1237645877430911541 , 51.2856128280646999 , -0.589216122538517961
1237645877428027495 , 44.8232424445503028 , -0.530856656956964046
1237645877425930760 , 39.9282152320879007 , -0.512463500140938
1237646648358666378 , 43.3204267086201966 , 0.983260745941335945
1237646510908899710 , 50.1709880688736973 , 0.911665180147265053
1237646647284007699 , 41.1832191518252984 , 0.16003790694523401
1237646707938951889 , 40.0541341179415014 , 0.708813604593711011
1237646587158725472 , 47.6287192135002968 , 0.29973985721303098
1237646706869535216 , 49.8233772425956971 , -0.219158924771162
1237646588232401497 , 47.5745864772128968 , 1.19081637541676
1237646549571404107 , 40.2371029658752022 , 1.2462653456528201
1237646648358797371 , 43.6171258522875007 , 1.04594753312433997
1237646549038530863 , 49.3574177789562967 , 0.831681982597619052
1237646706328076813 , 39.3514167806848008 , -0.525553563169143034
1237646587156300434 , 42.1056633627501995 , 0.239172276487464003
1237646707938558214 , 39.0566675028928998 , 0.712225389631185979
1237646548501922349 , 50.0451581672964991 , 0.449486931658881983
1237646586082754920 , 42.5162599948249991 , -0.574332522623668962
1237646585546277379 , 43.4697907227324976 , -1.00371051577703008
1237646585549357633 , 50.5721916835391028 , -0.849056397028873033
1237646588231483763 , 45.3812758942866026 , 1.21171148863278999
1237646707403653503 , 43.6432653644675028 , 0.301032184562825988
1237646645673460036 , 41.4031969179785975 , -1.19652125117166008
1237646647819829976 , 38.8946762226361002 , 0.466638886125205987
1237646648359387886 , 44.9256643737387975 , 0.951635276850577028
1237645877431239326 , 52.1635565930910019 , -0.58426243372712805
1237646546886525787 , 39.0065011576227008 , -0.829781299638971959
1237646549574222102 , 46.7072092384469997 , 1.15778836391760009
1237646645674050228 , 42.7329026510672989 , -1.05246349097659997
1237646585546015617 , 42.9102115172450027 , -1.02244845231046
1237646585545818678 , 42.4133114070650024 , -0.916772093952601952
1237646705793696206 , 45.1191159256472005 , -1.01083978726989998
1237646648360960390 , 48.5886249186830028 , 1.00688152817481003
1237646708475166980 , 38.4547076259800988 , 1.09962524965817998
1237646708480737351 , 51.2419931151094019 , 0.970025028274804968
1237646587696317197 , 49.3661216972639991 , 0.704332126919870016
1237646548499759378 , 45.0957567682799976 , 0.371564579360109004
1237646549038334092 , 48.9222411817781975 , 0.757358035773028959
1237646708476018949 , 40.4277303720572974 , 1.04907162695662004
1237646549575336253 , 49.2140056660757992 , 1.1923070650299199
1237646647283613976 , 40.2706113132351007 , 0.184673986545185992
1237646706327880080 , 38.9716474248505023 , -0.654818556141297026
1237645877426389265 , 40.9578126705375993 , -0.437963739996786006
1237646705792188579 , 41.6505922334673997 , -1.0179832667128601
1237646547960398557 , 39.3387490029912001 , -0.0722244529523636963
1237646646746284453 , 39.2399454854283007 , -0.364928594439297982
1237646585546867137 , 44.7778446358108013 , -0.996204458143230998
1237646587157152134 , 44.0304953621837996 , 0.280576459198787986
1237646587691860662 , 39.1617622312277973 , 0.79321203208301605
1237646585544311021 , 38.9425002653145995 , -0.832577734188164054
1237646587158725521 , 47.704768035139999 , 0.359082469590551012
1237646586082099617 , 41.0410913517073013 , -0.547902066359924
1237646508225331208 , 51.8926191289794971 , -1.25450441970852999
1237646645673853156 , 42.2489491128242989 , -1.06073612337427003
1237646585547325826 , 45.812873809192098 , -1.02225001870035004
1237646645673853705 , 42.3325704433915035 , -1.21084470872833005
1237646647823499525 , 47.1783440498141999 , 0.511923630610998992
1237646646750085658 , 47.9492739280468996 , -0.374710478411097003
1237646706329911439 , 43.6749577097457973 , -0.520646394581069982
1237646546890785224 , 48.8229068992113966 , -0.809588903053976017
1237646508224807358 , 50.7260233144628998 , -1.20825722932312996
1237646508760760440 , 48.5811814465566982 , -0.772350304151587008
1237646509832864280 , 44.8719911384796006 , 0.146724978519126997
1237646587159642260 , 49.7718648702515978 , 0.229920933502823999
1237646508221661476 , 43.5602126198313968 , -1.22986201983494992
1237646707407323326 , 52.0325321552380018 , 0.148027508559462007
1237646587160626163 , 52.0820357771507005 , 0.411876549263692993
1237646508758991254 , 44.6790504140384002 , -0.743214310387993016
1237646708475428870 , 39.0706223895264984 , 0.955247492297040979
1237646708480868537 , 51.5529337835936019 , 1.13108810255146008
1237646706866782581 , 43.6566822412635034 , -0.230040816658630992
1237646705793696200 , 45.107239245509902 , -0.969060364384416006
1237646647283089836 , 39.1214339200674033 , 0.207091776933847005
1237646508761939983 , 51.3807540763263972 , -0.735020303139467979
1237646509835158135 , 50.1713134139351027 , 0.100832425081013005
1237646549571469849 , 40.3506577908156032 , 1.21665216455851
1237646647284597464 , 42.5889355614559975 , 0.205787074011696991
1237646646751527373 , 51.2661446957559974 , -0.326499516920767008
1237646706330698077 , 45.3705910102241035 , -0.671060781786477989
1237646648358208155 , 42.3392022700329989 , 1.02272522125316989
1237646647283351760 , 39.7410018078977032 , 0.108939590893746996
1237646706327879748 , 38.9363833116023983 , -0.576617452605510006
1237646705792844386 , 43.0889871159560016 , -1.06911433323370009
1237646585545229140 , 41.0870033772957015 , -1.03642711478302996
1237646707404439613 , 45.4103122116575975 , 0.277829422745522026
1237646587695857974 , 48.1960408590561968 , 0.648339034885389021
1237646645677261069 , 49.973597707946098 , -1.19976714456199995
1237646707938820442 , 39.7202419327421978 , 0.616878905055506022
1237646706867569019 , 45.4330084079800969 , -0.122051571725228999
1237646585547063753 , 45.3097021146520973 , -0.975926677919380037
1237646547961249983 , 41.2725249472455005 , -0.171677729164232989
1237646706866454560 , 42.8307020265842979 , -0.239865932143348004
1237646547961184971 , 41.1998843433676001 , -0.0495963506990486983
1237646708481130807 , 52.0776284416663984 , 1.14345014310566007
1237646510909030507 , 50.3662194740622979 , 0.966644780080859967
1237646647288660758 , 51.7790601702469004 , 0.131918288478599988
1237646647283941852 , 41.1081734468576983 , 0.206042605388715994
1237646645677261386 , 49.9825951934117967 , -1.17985515197465007
1237646509298745697 , 51.1931950172292005 , -0.230874146821814008
1237646547961970779 , 42.9582769719659012 , -0.0147108082599513995
1237646549036040808 , 43.6896015560801985 , 0.84982541571522896
1237646705796644963 , 51.8202592322235986 , -1.08062298184649008
1237646547424313641 , 41.127454088457597 , -0.460572301581085974
1237646510907392565 , 46.6745861210936965 , 0.897080390878717049
1237646647822844538 , 45.7328313445202994 , 0.524725413306183053
1237646648361157124 , 49.0625778572660991 , 0.897581088324188037
1237646587160691773 , 52.1178074748102986 , 0.414838058916011998
1237646647825006845 , 50.6870476307190003 , 0.476765704440182014
1237646587157873376 , 45.6568701133736994 , 0.292956770988011983
1237646586623295974 , 50.9124069516863003 , -0.103225605812148
1237646509296517511 , 46.0718433628496982 , -0.242862621259647998
1237646509833912993 , 47.3369245212111025 , 0.204510750300855998
1237646509298155648 , 49.8662664515456981 , -0.217425162910524994
1237646585549226482 , 50.1924998743943007 , -1.00859260326096001
1237646548501397765 , 48.7398036050461982 , 0.400047882273153022
1237646585549620060 , 51.1364230945291993 , -1.00212727945424995
1237646549574811669 , 48.0588517971758975 , 1.10497738327329009
1237646586620871117 , 45.4287102344936002 , -0.0209219114578421995
1237646586620740020 , 45.1038569850049029 , -0.169184969680202996
1237646549571273314 , 40.0193965111243983 , 1.08438001279081009
1237646546890588776 , 48.397109367288202 , -0.889119859468999962
1237646549573566818 , 45.1802532433099984 , 1.22251583511681994
1237646509296189765 , 45.3798708494920007 , -0.319789488684659007
1237646508221989005 , 44.3813037839009965 , -1.21613381287919009
1237646546887180809 , 40.5033213439904003 , -0.847445583858276952
1237646549570618224 , 38.453183239845302 , 1.26015109761587007
1237646585545752633 , 42.3184017379803024 , -0.906120191786066953
1237646647824482374 , 49.4972597179002989 , 0.427530609110870985
1237646549035254365 , 41.9471935784241978 , 0.754176153718664977
1237646549572845853 , 43.5836483335332971 , 1.25044398560831005
1237646549572714933 , 43.2940342278655024 , 1.08644249758672995
1237646587694219708 , 44.5072502045974971 , 0.821844037885524958
1237646648361025960 , 48.7290392006565014 , 1.05677724202456003
1237646510369735299 , 44.8879980298454981 , 0.468246741639893993
1237646548501005015 , 47.9525054603730965 , 0.443212681477668013
1237646586622116255 , 48.239490013526698 , -0.0606756491312386015
1237646547964985701 , 49.8358262572343023 , -0.123251421239277001
1237646587695858322 , 48.3395942555736013 , 0.831334559405104034
1237646647284138546 , 41.5760939798706985 , 0.030579974213107701
1237646588234367125 , 52.049604216912698 , 1.25364979370076002
1237646549033943200 , 38.9367394865151013 , 0.82702848931852202
1237646547428704997 , 51.1800394848790035 , -0.503598147018023967
1237645877426782258 , 41.8963951517371029 , -0.416158957371657978
1237646708479557995 , 48.5885853049077028 , 1.00686270884554996
1237646509835485834 , 50.8157642142717023 , 0.143093783578775002
1237646588234040039 , 51.2932647677478997 , 1.11775949677903008
1237646548497924422 , 40.7960412669362995 , 0.419235613249146988
1237646549038793259 , 49.9393168095479965 , 0.723212963134188036
1237646548496875892 , 38.4564739056675009 , 0.310045217683853014
1237646585544901261 , 40.3508492758990016 , -0.885822915636002017
1237646549575860813 , 50.4720055333947997 , 1.13140256840247
1237646708480737848 , 51.2280686667164034 , 0.951333632082589031
1237646707938820411 , 39.7007715584198024 , 0.690048651891592035
1237646648358142069 , 42.1388167378679981 , 0.979199240900529011
1237646547428442563 , 50.6409860450994032 , -0.485440888548696992
1237646587692908585 , 41.5104857995876984 , 0.801122321457156006
1237646647286301454 , 46.4633447064187024 , 0.199349340094749
1237646509297500746 , 48.3266336253784985 , -0.305122309157223992
1237646648361812372 , 50.5012165085037026 , 0.900339694653578992
1237646707401753136 , 39.203160399714001 , 0.290584599401397026
1237646510370193602 , 45.8807604149475026 , 0.427525414918202007
1237646547961119195 , 41.0550823993485992 , -0.0479669855808688012
1237646508222316698 , 44.9825967992734022 , -1.2023075361917599
1237646549039317529 , 51.2005696123592031 , 0.851823841891195976
1237646585547522901 , 46.3333437500044028 , -0.871849858324166949
1237646587697431012 , 51.8833338914390012 , 0.704230275045607979
1237646586622640300 , 49.5336991684198011 , -0.143800111045853996
1237646586084721536 , 47.1244964537118989 , -0.460221131820035989
1237646646746677917 , 40.1526939811811019 , -0.226272975053214004
1237646708478509551 , 46.1665950312246025 , 1.13566406339008008
1237646508760301822 , 47.5324707432416034 , -0.834219243207859007
1237646585547456642 , 46.1655727489422034 , -0.844263369302936995
1237646508223824504 , 48.4972420690437005 , -1.18403047051626009
1237646706864554728 , 38.5690327515661977 , -0.214275690737207009
1237646587694809498 , 45.8254882266216015 , 0.66985711993783803
1237646647285645361 , 44.9761820417962994 , 0.217310583521727996
1237646648357356117 , 40.2565187424052979 , 0.964632327703567993
1237646588230894157 , 44.0119874506577986 , 1.14809344776636002
1237646647288070717 , 50.5662436682071004 , 0.0510167183640937022
1237646645674508757 , 43.7210387608025997 , -1.17949298508482991
1237646548496941936 , 38.6122441975859019 , 0.393581985907537013
1237646707402211676 , 40.3225036728879971 , 0.135353700151748996
1237646705794613711 , 47.2534075897658994 , -1.14125166709796999
1237646706869797362 , 50.4297256100658018 , -0.29582747950942001
1237646647284859433 , 43.1483011994259016 , 0.021589317412367099
1237646587159642898 , 49.7657977935093001 , 0.411244578117239024
1237646549039186614 , 50.9309420402422006 , 0.701053323260100947
1237646706870583822 , 52.2485249202847015 , -0.114707446240162006
1237646707403391527 , 43.0415168551471012 , 0.299772969768522024
1237646510905885228 , 43.1913940453203011 , 1.01219059889353002
1237646646747726614 , 42.6073880415252972 , -0.350476489339851982
1237646585549750584 , 51.4541382859786012 , -1.02321470186937002
1237646508760498624 , 48.0315971563030004 , -0.746854712045847968
1237646547429229103 , 52.4306821577443998 , -0.412431552336033014
1237646546887180670 , 40.586421409853898 , -0.942973722036441031
1237646587693957646 , 43.9173754306651034 , 0.700116310276207021
1237646587695924206 , 48.3653274919690972 , 0.772944457281740993
1237645877427699931 , 43.985393541406701 , -0.504086650671948022
1237646707941573016 , 45.9984129913740034 , 0.65417700661904199
1237646707401949417 , 39.7599445048239986 , 0.15991842134040099
1237646585547457622 , 46.2163373216860975 , -0.887875846940143987
1237646587696775326 , 50.3222978573683974 , 0.67885153434412504
1237646585549619624 , 51.1353015735643979 , -1.0100361433520999
