1237646586617921744 , 38.6606622952558965 , -0.0195973411157404007
1237646708477657213 , 44.248310253567503 , 1.09763215252958002
1237646707404309024 , 45.0967777045278027 , 0.181402705179364993
1237646509834437103 , 48.4993695761383989 , 0.106964129102326999
1237646647285973399 , 45.7124148501146976 , 0.184971542113038012
1237646547966099644 , 52.3765953970244027 , -0.139331623838285013
1237646508761743720 , 50.9209927429318014 , -0.698986427419237999
1237646588229977077 , 41.988135825619203 , 1.07624860675910994
1237646549038203195 , 48.6333450794618969 , 0.675975077408920044
1237646586086818318 , 51.8673087479021007 , -0.433649175245264973
1237646509834829987 , 49.4058407279150984 , 0.128776873895550009
1237645877426454991 , 41.1275119860071996 , -0.460550327219495015
1237646587158856325 , 47.9968758941897988 , 0.327042545008617014
1237646647285645361 , 44.9761820417962994 , 0.217310583521727996
1237646549571797228 , 41.1012115019098019 , 1.1388364108634299
1237646549038727189 , 49.8074757117390021 , 0.666222082836107954
1237646705791205515 , 39.3940718789829987 , -0.958393029953084952
1237646510371963525 , 49.9722250428824992 , 0.484089389137982995
1237646510372552913 , 51.2732486717285028 , 0.477976849147886018
1237646648357421268 , 40.3973578298882003 , 0.886932734793274946
1237646547425296485 , 43.4193703640657986 , -0.416148528663354
1237646510369735299 , 44.8879980298454981 , 0.468246741639893993
1237646587696645131 , 50.1014967240601976 , 0.743811694952104974
1237646707941310645 , 45.4043505822952014 , 0.703319656969767948
1237646645676540004 , 48.4238920606441994 , -1.21002603228871997
1237646587692253390 , 40.1116829293354016 , 0.72702686785632098
1237646549035123296 , 41.6681371046092011 , 0.77324188107202696
1237646549573566818 , 45.1802532433099984 , 1.22251583511681994
1237646588229780088 , 41.5846158287206009 , 1.22507230482419005
1237646509298221719 , 49.9217816482990031 , -0.270381770861001014
1237646509298679996 , 51.0184376720334996 , -0.286036689412963008
1237646547429163441 , 52.2152332252601994 , -0.387006975443705992
1237646587692188012 , 39.9297866409017033 , 0.765169278960723953
1237646510369472547 , 44.2885980882996009 , 0.493575855430524013
1237646585549816371 , 51.6031833340094011 , -0.957482176343817049
1237646588230238295 , 42.6347950840890988 , 1.26458437702071991
1237645877429928836 , 49.0694742898094987 , -0.470897587887342983
1237646707407389462 , 52.1484583898932996 , 0.241817813786306013
1237646705794613711 , 47.2534075897658994 , -1.14125166709796999
1237646646751068186 , 50.148852598239003 , -0.344303057935363976
1237646510907195930 , 46.3094680528322016 , 1.00734230759958998
1237646707402998445 , 42.1056553304777026 , 0.239004065121032006
1237646648357356055 , 40.3680523656946022 , 0.871192896477228973
1237646707938820697 , 39.6438752548467974 , 0.720218355093441009
1237646586619822184 , 42.9582860206190986 , -0.0146834377901886998
1237646508224348415 , 49.6284175015846998 , -1.19925149612846993
1237646546887180499 , 40.6333770026526011 , -0.853825612675979007
1237646587695595621 , 47.658742265143097 , 0.693759745031039987
1237646548500545575 , 46.8440100934105033 , 0.246799449855291009
1237646510372749407 , 51.8261586102073011 , 0.494470159089756001
1237646510909948422 , 52.5924377719926994 , 0.895008462545602956
1237646585544900874 , 40.2710965147318021 , -0.859078437953710972
1237646647288201723 , 50.8356784643556026 , 0.0769330867185225031
1237646587158856598 , 47.9954087695396012 , 0.237249783852898993
1237646706332992067 , 50.5818627152971985 , -0.634065170161485003
1237646708480475140 , 50.5808748118017988 , 1.04747108023926994
1237646549574222102 , 46.7072092384469997 , 1.15778836391760009
1237645877428290317 , 45.3121121460504028 , -0.576338121109142953
1237646509836337226 , 52.7700112115406981 , 0.131306956926639989
1237646546887376969 , 41.0324243172966021 , -0.870186524481544987
1237646648358273513 , 42.4819312069923001 , 1.01990521695757996
1237646648360108339 , 46.5609555478225019 , 0.964548412068610972
1237646646746874538 , 40.6818405752617025 , -0.214209650393766993
1237646586623426908 , 51.2726425630284979 , -0.0628060161285077939
1237646646748316378 , 43.9641774663289979 , -0.217705022132128001
1237646707403128882 , 42.409039355534297 , 0.120045357305295003
1237646586620084788 , 43.6020379127516975 , -0.136581469610114997
1237646510908178760 , 48.5380899016846996 , 0.849086900137742018
1237646586086817806 , 51.8002002660138032 , -0.562848365559705965
1237646646745956791 , 38.5030697671394009 , -0.268112097410543981
1237646706331025883 , 46.1042700580519025 , -0.613874116190608055
1237646509298155648 , 49.8662664515456981 , -0.217425162910524994
1237646587158069829 , 46.2312477165475997 , 0.325210795534349006
1237646705794679156 , 47.325461516736901 , -0.987670491566759012
1237646547965903284 , 52.0086714913865009 , -0.0621883020080784971
1237645877429076679 , 47.1245604350353986 , -0.460150757240828989
1237646706869797362 , 50.4297256100658018 , -0.29582747950942001
1237646549038662081 , 49.7321085917735033 , 0.813012634456045991
1237646647288660070 , 51.8836909566106996 , 0.0642883368083274065
1237645877427110301 , 42.6212695634936978 , -0.554109912719134012
1237646546888819210 , 44.273584501449001 , -0.877383235967245989
1237646647288594957 , 51.6563921891885016 , 0.0465234058067246978
1237646648357356117 , 40.2565187424052979 , 0.964632327703567993
1237646647285973054 , 45.6874223953386007 , 0.0107109878156762001
1237646508224741423 , 50.626835208863703 , -1.19539692583511004
1237646509297631253 , 48.6092692158321 , -0.231725074204425008
1237646508761809370 , 50.9857583793640998 , -0.638732742284764954
1237646646746022652 , 38.726144028189502 , -0.332189397780841
1237646647824024228 , 48.4017017867327013 , 0.438256870589154024
1237646549036106331 , 43.8873558368754004 , 0.765698102696215965
1237646647823172262 , 46.4277494561655999 , 0.591187432599692975
1237646585548047142 , 47.486953609999297 , -0.857781220222628038
1237646706865013322 , 39.4902197469181999 , -0.157982618286413995
1237645877425800220 , 39.7312119690496033 , -0.517977899760573957
1237646585544376618 , 39.0930119605550033 , -1.03249399297837008
1237646585546015567 , 42.8662063265713016 , -0.994311902298634975
1237646705794220551 , 46.3376353896154995 , -1.09696483666563993
1237646587691663724 , 38.6175902424944013 , 0.666587409004192999
1237646510906802352 , 45.4160100356504017 , 1.01490854175210998
1237646508222054644 , 44.3905333949684007 , -1.05251455840463004
1237646547424444883 , 41.432593278624303 , -0.58758064418901701
1237646587697169129 , 51.2971106701722022 , 0.829985183725979958
1237646547425689769 , 44.3412699151261975 , -0.446150719069936974
1237646587697103322 , 51.1795686195712989 , 0.761476366849791031
1237646707938427508 , 38.880867649104502 , 0.581485696746782965
1237646706333254070 , 51.2856325155565997 , -0.589221494545640989
1237646586617922168 , 38.7048925359561977 , -0.188951086709680999
1237646647825072502 , 50.7673922863195983 , 0.52390329854887796
1237646705792909775 , 43.2395469756185022 , -1.07396492288793
1237646708480934417 , 51.6921942686476967 , 1.14648161603101006
1237646645673132587 , 40.6524711423006977 , -1.06946761899845999
1237646645676278091 , 47.7634823748695965 , -1.07656240870086006
1237646586085835081 , 49.5477847275275991 , -0.586025258966800022
1237646645674181047 , 43.010133418494398 , -1.11015258864260002
1237646510906867870 , 45.4459329367796983 , 0.869408217165834052
1237646646746546858 , 39.8109857999962031 , -0.246589951398430013
1237646510906867791 , 45.4739234059613011 , 0.861060433209484
1237646587694875644 , 45.9719515785072019 , 0.687052657884206996
1237646585546343061 , 43.5669896538410981 , -1.01425769443729008
1237646646751986147 , 52.2838159852089035 , -0.350646189035693001
1237646549033943200 , 38.9367394865151013 , 0.82702848931852202
1237646548501660269 , 49.3873689043374995 , 0.351429586201364996
1237646706332139730 , 48.7324932893412992 , -0.643712866514738025
1237646547964395657 , 48.4477709568104018 , -0.126044891156950001
1237646647287742940 , 49.7939067509493967 , 0.190989816041740007
1237646549033943975 , 38.9841529938668003 , 0.822672330240958982
1237646548498514173 , 42.1965213946357025 , 0.331582006459845979
1237646706867634681 , 45.5693250257360987 , -0.154732869946262008
1237646647285383473 , 44.2926664700559982 , 0.0384177015227920027
1237646586084131252 , 45.6965335880844989 , -0.550284924949577037
1237646705793237025 , 44.0924426114741976 , -1.03141790738274008
1237646647821271790 , 42.1650891868513966 , 0.459514424928908982
1237646510369014010 , 43.2485231715825975 , 0.626530428182962007
1237646586086687497 , 51.5397095895997026 , -0.504815052298670963
1237646549037024062 , 45.9217153358625012 , 0.765538678717030963
1237646707403653352 , 43.5779622367780988 , 0.118754612899185
1237646546888950254 , 44.6792916525485992 , -0.931261032960528978
1237646707938558561 , 39.1809116489060969 , 0.579953866750862024
1237646509832142983 , 43.2552266042507014 , 0.0373504276554686016
1237646648359256676 , 44.7379979123606972 , 0.969823840967404038
1237646588231746690 , 46.0684909127502991 , 1.19877206675990999
1237646647819633482 , 38.4440447686674034 , 0.522583087273677971
1237646549036826734 , 45.4627076557030989 , 0.757596526152735983
1237646586081706577 , 40.2302699615250035 , -0.41248998278985799
1237646705791730305 , 40.6087255026935026 , -1.03074673063547007
1237645877426651765 , 41.6427525648102019 , -0.541686060856795049
1237646647823761840 , 47.8082390557620016 , 0.44481501216189101
1237646549572256009 , 42.1622033168604986 , 1.2020695953062599
1237646509297828123 , 49.0553460251077027 , -0.216808301595404013
1237645877426651610 , 41.5566012746123974 , -0.585599114334349968
1237646588231483763 , 45.3812758942866026 , 1.21171148863278999
1237646587155579466 , 40.5061605459343994 , 0.313528743053023973
1237646508761481745 , 50.2430480984700978 , -0.715265682020056026
1237646546889146472 , 45.124138496895597 , -0.969618405475224043
1237646588229911429 , 41.8946107319966004 , 1.23455761281740006
1237646647819960777 , 39.1497911496941029 , 0.538590393534417955
1237646549574090803 , 46.3955712879822997 , 1.16945489414792991
1237646587155644550 , 40.672289873014698 , 0.272662584530643015
1237646586083410612 , 44.0209684204086003 , -0.553980050222471987
1237646648359387886 , 44.9256643737387975 , 0.951635276850577028
1237646509298614649 , 50.8617814428271018 , -0.326956255135044005
1237646707407454356 , 52.3239463923735997 , 0.209511032280546988
1237646586084918057 , 47.499591098244899 , -0.422329658124652008
1237646509834567855 , 48.7628188529018018 , 0.00281359863523068018
1237646549570879877 , 39.0858286843320997 , 1.19720441484261997
1237646548503167303 , 52.8085703794259018 , 0.283103771324000997
1237646547423527414 , 39.3925992552997002 , -0.432828086725726979
1237646508761350149 , 49.9299550452076986 , -0.809989713016052049
1237646645672804759 , 39.8568709332709972 , -1.11214754156054996
1237646548499628367 , 44.6977363765064979 , 0.434574039214681018
1237646510907064463 , 46.002760643725999 , 0.876773174318229986
1237646705796514350 , 51.5697447563925024 , -1.14086427337035001
1237646549571076456 , 39.5111697920382028 , 1.14876669273166998
1237646549036171783 , 43.9415122326130003 , 0.813274838870512995
1237646706868551994 , 47.5858249137201028 , -0.272491464351639012
1237646586619888070 , 43.1627225400250012 , -0.103902034664927007
1237645877427240986 , 42.9592591498982017 , -0.430695002847381991
1237646549573632599 , 45.3812870645095003 , 1.21178870557954999
1237646707940262305 , 43.058747357464398 , 0.693510380282927996
1237646706865865198 , 41.5752120576846025 , -0.158981101967335003
1237646648361025848 , 48.6622141149033993 , 0.958268529216188991
1237646646749889084 , 47.5656620441802005 , -0.361974544013862976
1237646646751330395 , 50.8680350036572975 , -0.240716602893470993
1237646708476740060 , 42.1196504778691008 , 1.00449451716510008
1237646708477788779 , 44.5322035981672997 , 1.04556822164752994
1237646548500939357 , 47.6999097121038034 , 0.399166245376865014
1237646647824745138 , 49.9923496843189028 , 0.613536164297166953
1237646585548243875 , 48.0269355152437996 , -0.89096771739642
1237646508762268360 , 52.0472367265119971 , -0.693281967270992006
1237646546888753729 , 44.2297060377153031 , -0.986419186697657047
1237646587156955431 , 43.5710937883017024 , 0.240400624375050997
1237646705796120772 , 50.5979633011084005 , -1.10500712166266002
1237646647821926966 , 43.6791597047819025 , 0.513071212720948022
1237646547424575971 , 41.7735047272644024 , -0.424943990355232004
1237646647286235809 , 46.351296031153403 , 0.12789387096337701
1237646510905819250 , 43.1568515843027001 , 1.02468330024531995
1237646510373208516 , 52.764833865375401 , 0.444327176344182007
1237646587158855702 , 47.9140132432751997 , 0.247055375303643993
1237646647825400050 , 51.5328316032629985 , 0.548591369213158986
1237646510907785392 , 47.5320698649668003 , 0.930791744847555003
1237646546889212560 , 45.1513499157073994 , -0.905902111626410989
1237646510369669327 , 44.7456931150225969 , 0.568002456369291031
1237646548498710756 , 42.6881377049308028 , 0.251429358519724977
1237646705792057580 , 41.3720943273888011 , -1.06460012342176991
1237645877428420955 , 45.6300276189791987 , -0.407679947563983014
1237646549573042571 , 44.0390882432870967 , 1.20909660066291003
1237646705792844386 , 43.0889871159560016 , -1.06911433323370009
1237646587694415935 , 44.9972383878873998 , 0.842958426180221987
1237646547965968776 , 52.1036895504458002 , -0.0780623925371953936
1237646708479950936 , 49.4934837050962031 , 1.04856982956118006
1237646548498841937 , 42.9672723234259024 , 0.249480342021372009
1237646586081116558 , 38.858951079083397 , -0.594656256945418016
1237646587697693283 , 52.5197049830477027 , 0.767278341883448012
1237646509834895939 , 49.5878784346041996 , 0.0021317163738125899
1237646708480869035 , 51.5975833483368973 , 1.04586421178788003
1237646547427132255 , 47.6416161356565979 , -0.562798886718377966
1237645877425930521 , 39.9865438486838016 , -0.450111065217357997
1237646586619495284 , 42.331978759226601 , -0.145702754664049999
1237646549037220272 , 46.4155652073936977 , 0.833105600282876946
1237646587695727326 , 47.9027604042452992 , 0.798150095799677994
1237646509299007906 , 51.8193881570638979 , -0.258534634727797974
1237645877425931189 , 40.0283253942414987 , -0.50752264150874804
1237646549575336253 , 49.2140056660757992 , 1.1923070650299199
1237646509832536488 , 44.1849991568114007 , 0.00697414758896893958
1237646546886460096 , 38.9405127171916021 , -0.877822688199261014
1237646645674902142 , 44.7166216458297967 , -1.08829769331851001
1237646586620805550 , 45.2245057570433033 , -0.129055380526450991
1237646647823237494 , 46.6043318979727985 , 0.554815785162294017
1237646585545818397 , 42.374300172077298 , -1.01922660495390005
1237646705792909597 , 43.2551203262692994 , -1.11131277044501009
1237646646750020422 , 47.8456990203100005 , -0.36137816016131602
1237646586618643389 , 40.349769151340503 , -0.112146505723289006
1237646547961970779 , 42.9582769719659012 , -0.0147108082599513995
1237646546889278008 , 45.287181220752899 , -0.902579746007837969
1237646705792188854 , 41.6691152193631993 , -1.0462315331854799
1237646586622640678 , 49.5276898190661967 , -0.172996180171967995
1237646585549226482 , 50.1924998743943007 , -1.00859260326096001
1237646548497203506 , 39.2811205784674016 , 0.286803069972120017
1237646586623033946 , 50.3900254040713023 , -0.187254098962462007
1237646708481392903 , 52.696422988495101 , 0.980452859845904023
1237645877425733887 , 39.553817366816503 , -0.418523958213841973
1237646587157677095 , 45.2015815017512992 , 0.417684504394160994
1237646586082558912 , 42.1873309131934988 , -0.417808596863668003
1237646586623623636 , 51.6833448835914027 , -0.152526379304662008
1237646548498514184 , 42.2011611812517984 , 0.257102910323055989
1237646548501463400 , 48.9219417068060025 , 0.263509048034444027
1237646547963412629 , 46.1793366549185009 , -0.0423401683263422007
1237646548500873754 , 47.570137681732902 , 0.268751213165349001
1237646586620871117 , 45.4287102344936002 , -0.0209219114578421995
1237646546890588776 , 48.397109367288202 , -0.889119859468999962
1237646587695661960 , 47.8473305077873974 , 0.662117771136510047
1237646586622116255 , 48.239490013526698 , -0.0606756491312386015
1237646585548702022 , 48.9504502313420033 , -0.941251047137356966
1237646706864554728 , 38.5690327515661977 , -0.214275690737207009
1237646509833126428 , 45.5176669331678028 , 0.13579859108741299
1237646547962888603 , 45.1038454313939994 , -0.169239606165390993
1237646508759843169 , 46.5305338379473028 , -0.739637237101998024
1237646587693957879 , 43.8906564735236984 , 0.758184850571043012
1237646549034074522 , 39.2209425267999023 , 0.670649160208183992
1237646585548571192 , 48.7905287975328008 , -0.848484304005654999
1237646508758336153 , 43.0951524933079 , -0.696393561069289957
1237646547428835654 , 51.4631384147027973 , -0.481555329900295981
1237646706868945331 , 48.5663884114480027 , -0.215402871481570002
1237646509298679948 , 50.9684638747052006 , -0.280614011036124988
1237646587160625744 , 52.0170682626456014 , 0.285534772621040989
1237646708481393048 , 52.7023190469595022 , 1.07330956653771992
1237646586621395612 , 46.6349477665644017 , -0.0188682953994602984
1237646588233253152 , 49.3959497879696983 , 1.20413444572285999
1237646646746284644 , 39.3332210075861965 , -0.365151707948355997
1237646549034598816 , 40.450301468971503 , 0.663211312593559033
1237646510369472696 , 44.3679159611346989 , 0.530940299566668994
1237646588231548933 , 45.5129359261785993 , 1.08640296679066006
1237646547962233414 , 43.5314123183068986 , 0.0211423745346830984
1237646706865471806 , 40.5661153022764012 , -0.102776119441526995
1237646706331615668 , 47.537523945848001 , -0.546106379251480978
1237646546886918629 , 40.0109329281290016 , -0.864269649752146041
1237646705796841579 , 52.255495665514303 , -1.1390810083379499
1237646645673460036 , 41.4031969179785975 , -1.19652125117166008
1237646587696382466 , 49.4636711280234991 , 0.705342958855490032
1237646549573698030 , 45.5663770565772026 , 1.19776019075983009
1237646588229517940 , 40.9678497364565999 , 1.17311650063125006
1237646546886460048 , 38.8995707028323991 , -0.91013336062001704
1237646705796644963 , 51.8202592322235986 , -1.08062298184649008
1237646647283680288 , 40.4180096636745034 , 0.0165871670147514014
1237646707406406071 , 49.9131453210689031 , 0.153391956493515003
1237645877425340839 , 38.6065681358600017 , -0.580127679579812039
1237646705795990063 , 50.3218738186969006 , -1.12357854592302009
1237646705794220576 , 46.3492053723115021 , -1.1041673883046601
1237646549573763218 , 45.6311414838947016 , 1.11421096384633
1237646707405947219 , 48.8154240763599034 , 0.246235950952155003
1237646647285121045 , 43.7050170774519984 , 0.0366889263446801978
1237646549576777993 , 52.4618629328231023 , 1.19834951658743005
1237646708478575158 , 46.3204164297781986 , 1.13215886798118004
1237646508224479896 , 50.0154563024096035 , -1.18022297883031002
1237646509296189496 , 45.2935313700999984 , -0.396194579341537012
1237646549034205792 , 39.4776903316440979 , 0.767999549133277948
1237646587697234357 , 51.4445063815443007 , 0.646454757004171987
1237646587156365471 , 42.3320211246539984 , 0.227978078245306998
1237646549572321589 , 42.3471492174122019 , 1.23439072578321007
1237646645674246332 , 43.1424196886397979 , -1.21487117082056995
1237646588230631964 , 43.4884097638614975 , 1.2179459186800099
