1237646648371249817 , 72.0752276674039933 , 1.0069317579519701
1237646587702083883 , 62.4715048811584026 , 0.703056052363338013
1237646749281289091 , 72.1103435515016997 , -0.532065947516318971
1237646587706606357 , 72.7567556446116015 , 0.844114398421827006
1237646749813571794 , 61.6529207588667987 , -0.268547335459254022
1237646587707523814 , 74.8756249873454038 , 0.745449348518678945
1237646587169408342 , 72.1435723075763065 , 0.224523631524472994
1237646588239676508 , 64.0918831217893938 , 1.22170629126040997
1237646749280371042 , 70.1082135052842972 , -0.511656635660306947
1237646750889738726 , 67.1687592453240967 , 0.658851829506900022
1237646707416236815 , 72.2974722957320068 , 0.124934608573042005
1237646586631029315 , 68.5998916373754071 , -0.0198663926493759004
1237649826624766738 , 67.8492457796823061 , 1.05221122548796009
1237646647298295258 , 73.8895455179740992 , 0.0971663193759562949
1237646587705951571 , 71.2483758274938026 , 0.842888466107554968
1237646587166196224 , 64.6860527089242936 , 0.304400048866336981
1237646647295804419 , 68.0932828145519977 , 0.0339808159664320014
1237646647829725610 , 61.4696384848735988 , 0.567899217465827055
1237646750353981451 , 69.6906427872071959 , 0.259680086405726984
1237646587167048462 , 66.6939066850607958 , 0.350516041364101028
1237646586631160075 , 68.9085696994256978 , -0.0611861492037525032
1237649796557373612 , 67.822037017237605 , 1.06662887012357999
1237646750890524712 , 68.9647457494457967 , 0.600074025443900982
1237646547972719367 , 67.4449243513083019 , -0.112316984691235994
1237646646756049260 , 61.5215471509419984 , -0.386534167829090003
1237649826089402873 , 71.1918211969556012 , 0.725829381642180027
1237646547976127407 , 75.2061280864297999 , -0.0962549354187389045
1237646648372298214 , 74.4693795473681064 , 0.958246960721718999
1237646587705033407 , 69.2919776308635988 , 0.724192840156023032
1237646750352474647 , 66.3042430381998997 , 0.162300782713095004
1237646646758211881 , 66.4711299541490064 , -0.31746558385450202
1237650013991010867 , 62.316191660706501 , -0.293412323424892985
1237646549048099296 , 71.1670029394056058 , 0.710348330711426001
1237646646759391726 , 69.1994553546480944 , -0.400825696200245996
1237649794947678730 , 69.9478275280046944 , -0.105118349431747998
1237646750890590965 , 69.2106939477863961 , 0.649051378203497009
1237646750351032837 , 62.9542453563025006 , 0.155953383035226989
1237646547974619827 , 71.8311040116296056 , -0.0198137423175481012
1237646750892687395 , 73.8995645953520039 , 0.577240203305097954
1237646750355293175 , 72.8166387150752001 , 0.284318898590058988
1237649826627060173 , 72.9486367593643052 , 1.02752006746779001
1237646751425036883 , 63.5854140094806013 , 1.0063738579433601
1237646587168489948 , 70.0447916209444941 , 0.394697391394027985
1237649796556718568 , 66.3698800657387977 , 1.09244045615955998
1237646750892164242 , 72.7131817279170036 , 0.615316000548253972
1237646549586216026 , 74.1213411964007065 , 1.18887714485693996
1237646548511491274 , 71.8303529798456992 , 0.300172159562807017
1237646586627686651 , 61.0182637069681988 , -0.162556162971297991
1237646586629259881 , 64.5249437444226004 , -0.104140171374215995
1237646647295672834 , 67.8622143358392975 , 0.0403435259524905013
1237646586629653187 , 65.4868070494210031 , -0.158273069559236007
1237646750354703443 , 71.4484022274699981 , 0.157113417304990011
1237650013457941056 , 70.9783907060828057 , -0.536007527134420014
1237646647832805919 , 68.527057667385705 , 0.453387903017634986
1237646548509983019 , 68.4401217094853962 , 0.250408923871990985
1237649825551286660 , 68.3110989254040959 , 0.164680753874152014
1237646549045477566 , 65.3068354994341007 , 0.706655985432238953
1237646647295213987 , 66.7548084712089036 , 0.00798593825348310922
1237646647835231210 , 74.0655789971059022 , 0.50052068462438104
1237646647297245235 , 71.4295781989747951 , 0.0825995007597637998
1237646647835558611 , 74.6948765698090966 , 0.606787543293341947
1237650013991273285 , 63.0059113428743984 , -0.211011933416641012
1237649825552204175 , 70.5232231689923026 , 0.180052396428937
1237646549581890144 , 64.2215352157451065 , 1.13658216120360001
1237646549049082087 , 73.418986626857702 , 0.778111860842366054
1237646708488012419 , 67.878934352528205 , 1.10447004029901996
1237646588242887462 , 71.4800087676909044 , 1.20367839026126999
1237646547437552554 , 71.3856869674245047 , -0.574749541421263999
1237646547973440134 , 69.1170515722335068 , -0.168099146458171006
1237646750355685879 , 73.7215745343109035 , 0.234011437835584007
1237646707414008081 , 67.304347842578494 , 0.292207013388602999
1237646549044691105 , 63.387512061846202 , 0.870296404222702047
1237646548507689105 , 63.1472641394152987 , 0.275944033119600973
1237646646759981820 , 70.553625282541006 , -0.303789938423070005
1237646586631422656 , 69.492080050178501 , -0.117727625866942007
1237646547970228778 , 61.879540925813302 , -0.0635780356162278931
1237649824477479383 , 68.2399668325166999 , -0.536226597946729999
1237646750352540587 , 66.4360467739087994 , 0.315937550803903011
1237646587166655516 , 65.8548011531165969 , 0.247022862671358007
1237646548512473757 , 74.0375207887221052 , 0.321625426963108973
1237646586631750076 , 70.2783938333172955 , 0.00880528009263416983
1237646587705623801 , 70.6294747799416029 , 0.681893211337380012
1237649825551614571 , 69.1477523437800983 , 0.107862149703279994
1237646547437486650 , 71.1967489641094033 , -0.493462760720498994
1237646548511949077 , 72.8444488458990946 , 0.362823681019007027
1237646707416760948 , 73.5785385912478063 , 0.282407486725516021
1237646547438011453 , 72.4483803526739933 , -0.384076542780321994
1237646587166065091 , 64.3886887856460959 , 0.279501764288539012
1237646587703526502 , 65.7402825042398007 , 0.686942832872221021
1237649795484811781 , 70.4587894797991936 , 0.306577375892009008
1237649825548861792 , 62.8608175408099967 , 0.109552238530276999
1237646647834903313 , 73.1910514974784974 , 0.449531776991798027
1237646647298359936 , 73.9296733804023063 , 0.127254771046967002
1237646587169473785 , 72.1792476819832984 , 0.402386815640040973
1237646588243805402 , 73.5839371491853029 , 1.26746964313150001
1237649825011794121 , 62.4507328063399001 , -0.123086235616320996
1237646587705885053 , 71.2323115705432031 , 0.747681384486407974
1237646647297048900 , 70.9716730951171968 , 0.157361052606190988
1237646749817504759 , 70.7005061192141966 , -0.228240904570631009
1237646547972457299 , 66.8837055005233054 , -0.0624812135026662982
1237649825012515242 , 64.0682381580438971 , -0.313009707252110025
1237646706880348806 , 74.6356610803466936 , -0.102176597530145005
1237646750890197516 , 68.3108073847355968 , 0.742706447751896981
1237646749280043443 , 69.347806176599903 , -0.581262767885519005
1237649796019127085 , 64.6716474247343029 , 0.687558553641608006
1237649796019847283 , 66.3642605887088024 , 0.587387921259610035
1237646647298622751 , 74.6101814450597942 , 0.0551980341879384009
1237646548512539664 , 74.2818864884990973 , 0.33524277938814101
1237646750351426473 , 63.9251956885157 , 0.137252547307061989
1237649825016381448 , 72.8008869349762051 , -0.270074966585469978
1237646588243477939 , 72.8457087313718006 , 1.21152500693764997
1237650013992976435 , 66.8051548040426013 , -0.119583783778534999
1237646549045740071 , 65.8768018480222963 , 0.830039854955496037
1237646588239610642 , 64.0615350345851056 , 1.19385549149343007
1237646548508738345 , 65.5813416843054995 , 0.267491558521618988
1237646587166196691 , 64.7451061034221027 , 0.375782471309962007
1237649826086781427 , 65.2539693794863069 , 0.537139251160249964
1237646587165606497 , 63.4481591677495018 , 0.37342309838563198
1237646751428247677 , 71.0177078616326014 , 0.986074473197901979
1237650013991207552 , 62.8240014525066996 , -0.208451353009883988
1237646549584315052 , 69.7933990380653029 , 1.19955835501180008
1237646647295410229 , 67.2553388310094959 , 0.0693590388464049024
1237649826087502599 , 66.9408425061332935 , 0.710579083513011023
1237650014527291609 , 61.043752618062598 , 0.14442075457175399
1237646749816193493 , 67.602454985095406 , -0.280369754273127991
1237650013456236877 , 67.1581021374150993 , -0.525375296305620965
1237646548510245793 , 69.0504878514263964 , 0.352263420142250983
1237646706880544849 , 74.9954907773583983 , -0.254588269890621999
1237646648367580032 , 63.7421725268967023 , 0.912350750560406043
1237646706341970527 , 71.1277498033046953 , -0.539567145126752967
1237646751426544302 , 67.070368016054303 , 1.06537658462118001
1237646588239741761 , 64.3043951936713967 , 1.09492298660087006
1237646647295869693 , 68.3419646226389972 , 0.0623081285702151988
1237646587704180904 , 67.3516160543548068 , 0.722716463395366993
1237646587169866730 , 73.1191924667139972 , 0.332175956766693981
1237646548512211626 , 73.4391421729911968 , 0.278158969265843992
1237650014529061750 , 65.1101425294046976 , 0.154360360025310006
1237646547973309356 , 68.9165456686262985 , -0.0892589774126812951
1237646587704181308 , 67.2442126237045983 , 0.837705869581102047
1237646547973440631 , 69.2138143561232937 , -0.0241789989599642992
1237646586631750081 , 70.2780916051788012 , -0.0489458011704633003
1237649794945844005 , 65.7537857099164995 , -0.302468760820664984
1237646588242494675 , 70.5956125535311969 , 1.18654137484494004
1237646708486898084 , 65.2927193873709939 , 1.1490955167983099
1237646750350770329 , 62.4062722642196022 , 0.223746545685041986
1237646587167966140 , 68.8069964943365022 , 0.22546289113304599
1237646750354310272 , 70.5297520832468052 , 0.243835900306804992
1237646646759523427 , 69.5444873554217935 , -0.320692348302254016
1237646588242166460 , 69.8114342109898018 , 1.11565218110448994
1237646586094421478 , 69.2660755950115998 , -0.50225830888770695
1237646647833199255 , 69.3267091030440952 , 0.597486870004170001
1237646587168949279 , 71.0269105039528057 , 0.25921424766838902
1237646586633520163 , 74.3497105613271998 , -0.0947744330671252966
1237646547971145776 , 63.8595058241010989 , 0.000564022739329250017
1237646548512801273 , 74.8023665691469972 , 0.392466779396471011
1237649796556194368 , 65.1135059890734027 , 1.00880776900279989
1237646648371643135 , 72.948667934711807 , 1.02742733834735001
1237646549048034280 , 71.1093209588041049 , 0.712228674747049983
1237649795485401941 , 71.9005415684909934 , 0.264572796663059995
1237646548510245993 , 68.9340967941181049 , 0.38092293063032201
1237646549046723027 , 68.037791143638799 , 0.846927184880659989
1237650013457679208 , 70.492082601935806 , -0.558810304162192018
1237646588242297704 , 70.1751833286010935 , 1.07608330315245992
1237646548507034337 , 61.6362811681409966 , 0.404159425867174016
1237649796020765128 , 68.3674343934408029 , 0.573203711506616975
1237646549043904823 , 61.6371390452635026 , 0.66914014187759796
1237646587167573135 , 67.9345461931465024 , 0.350328224171832014
1237649826088354727 , 68.7817273384840036 , 0.688754038043266958
1237646548510049027 , 68.5394083766179989 , 0.416163068704060002
1237646646760768658 , 72.2932705823289012 , -0.301699212533350025
1237646751426805795 , 67.631755715927099 , 1.06694902032618
1237649794946105967 , 66.2978910138351978 , -0.214540538052895996
1237646549046461282 , 67.4914315187192955 , 0.806746103263852987
1237646647834641465 , 72.6268367426497008 , 0.524720078207150054
1237646548511687295 , 72.2380547285463024 , 0.310958947416897002
1237646750353589377 , 68.9297949761593003 , 0.247797191777641007
1237646647295607194 , 67.6468128471280039 , 0.101264009097819005
1237646586633453746 , 74.1725495815798013 , -0.0899181322218760987
1237649824475906395 , 64.6085383577674008 , -0.579621059526662985
1237650014529323649 , 65.6051921189547045 , 0.204563116900939007
1237649796020175206 , 67.0440810984894995 , 0.529112002226541978
1237646749277815363 , 64.1939526292307931 , -0.588445225831463969
1237646549044626008 , 63.2964934899413976 , 0.859656919422556953
1237646549046329828 , 67.177224299426797 , 0.678001014947841041
1237646648367710600 , 63.8988689165843979 , 0.988537138963301976
1237646707416498900 , 72.9857803147182977 , 0.131436446940840002
1237646586093895949 , 68.0641349577010004 , -0.448388219898265994
1237649825552728472 , 71.604623218879496 , 0.257482312623829979
1237649794948005948 , 70.6446729699959945 , -0.185559214083418994
1237646586630571008 , 67.635824390855305 , -0.0372357405362203978
1237646547434930594 , 65.3333595257333002 , -0.393623273422420983
1237646750892622874 , 73.8508369662189068 , 0.626028218468816955
1237646750352998954 , 67.515112068061498 , 0.217464121393748988
1237646587705623540 , 70.5208656464243973 , 0.678649575023648977
1237646588243805017 , 73.5440669517315939 , 1.16061508482101994
1237646750892491508 , 73.5637042301987947 , 0.673424429559693949
1237646587166590057 , 65.6604641230195938 , 0.235223091762549991
1237646587168555983 , 70.1694396600250059 , 0.269265687467961978
1237649794946564736 , 67.3270613682140038 , -0.268853935319696979
1237646749280568327 , 70.5356324929093006 , -0.573408337371612009
1237646587703001111 , 64.5395975171898044 , 0.647510811367470018
1237646648369873109 , 68.9502830146048069 , 0.968563346676453052
1237646750353850823 , 69.5072902539680939 , 0.130870646094915999
1237646548512342060 , 73.7635988810103953 , 0.420703388272977985
1237646647293510161 , 62.9881024328132 , 0.185059854580939986
1237646749279781337 , 68.6487450828349068 , -0.549466257190367013
1237646586095337950 , 71.3952160126451929 , -0.441956108003282
1237646549582610910 , 65.9167625894881013 , 1.16764591862961997
1237646586094945289 , 70.4921149849835018 , -0.558813241166134955
1237649826622538296 , 62.6946138196014999 , 1.03703847031191998
1237646586629259782 , 64.5615559173225932 , -0.0152379472245743001
1237646548511425403 , 71.7224011088278957 , 0.402080374704203991
1237646647832805847 , 68.4902243494719016 , 0.458158066016663978
1237646707415319206 , 70.2846587147656976 , 0.23590033802398
1237646648370856818 , 71.202962276193702 , 0.908338464023909054
1237646587169146102 , 71.4167037838429053 , 0.417499275611125986
1237646547438272669 , 73.0612550620722061 , -0.404732059822717982
1237646549584904976 , 71.1075903874205011 , 1.11279425757053008
1237646549045608812 , 65.5132423426049968 , 0.828734636492523991
1237649795482059060 , 64.2884295584628944 , 0.192534823258942001
1237646587704771176 , 68.5585391307529051 , 0.709529544943038992
1237650014530765791 , 68.9297937981231001 , 0.247753032478024993
1237646586092717143 , 65.4001008895247935 , -0.433532455245274007
1237646587706474551 , 72.4720514642431937 , 0.676672506528295026
1237646587704574127 , 68.2376257057241986 , 0.756713567116417019
1237646547437748334 , 71.8342551584920983 , -0.546042766203719054
1237649825551418050 , 68.6856649376432955 , 0.252212566031937979
1237646547433947309 , 63.1452266383517014 , -0.421062239364695001
1237646549584315288 , 69.720489455224893 , 1.21692207144943998
1237649794948268763 , 71.3107531250858955 , -0.109557398165814002
1237646647297901475 , 72.9149291913706037 , 0.045208389571476798
1237649796557766954 , 68.7247702376069043 , 0.997900940917397006
1237646708490633628 , 73.7742686791838054 , 1.09623156369861996
1237646750355161226 , 72.4275655980291049 , 0.300173970966200021
1237646750892491371 , 73.5032704590280019 , 0.672010566623617023
1237646647832740605 , 68.2962554129339026 , 0.566852865694281949
1237646587704115718 , 67.1499788046933048 , 0.816531206638982043
1237646547437290181 , 70.7591521297761972 , -0.550598896047847952
1237650014529782558 , 66.6473099950598993 , 0.161915815743587987
1237649825551483276 , 68.7610907255964037 , 0.273511725966611996
1237649794946302049 , 66.8154462180420978 , -0.109101014767869001
1237646648371183712 , 71.9251654459467034 , 0.891975580003122048
1237650014530568691 , 68.4228110059333972 , 0.197543229066580006
1237646647297835710 , 72.7584790629796032 , 0.139019118290577004
1237646549046067998 , 66.6374985514628975 , 0.850944584473478982
1237646587169669573 , 72.6703275798899 , 0.373109090507201979
1237646586629063620 , 64.086926825809698 , -0.142023631369480013
1237649826085995080 , 63.4766102015196978 , 0.567179967597648993
1237649826625552811 , 69.5252214813240954 , 0.998400575803691015
1237646648368890519 , 66.6646825511612064 , 1.035910772107
1237650013994025930 , 69.1982561375283041 , -0.188713494836785012
1237646706877792894 , 68.7194525230988944 , -0.225739197502579009
1237646549046395486 , 67.4003747412253063 , 0.690673302476479956
1237646648372232422 , 74.3615948567996981 , 0.970579551908159033
1237646648372298696 , 74.5102260850449056 , 0.980559414111589978
1237646547972588316 , 67.1665868893972942 , -0.0868262296595880972
1237646647830315619 , 62.7908325914405978 , 0.506058495714394985
1237649826625093746 , 68.5498820459740017 , 1.14915564288483996
1237646648370987270 , 71.5086381643910016 , 0.968956074528329991
1237646750892163966 , 72.794492650155405 , 0.580089453428098034
1237646549046395201 , 67.3796288596033008 , 0.838454994466720005
1237646586090881162 , 61.1176201990020971 , -0.465621820131551012
1237646587167965370 , 68.8194519870520054 , 0.275372521896409983
1237646588243607725 , 73.1294960125718063 , 1.11654357557130002
1237649795483828938 , 68.3221400156638055 , 0.218673490427516992
1237646648371315781 , 72.2686951742378056 , 0.942393039130678956
1237646646761882562 , 74.9058683599738941 , -0.279765915371430973
1237650013993632534 , 68.3764262271125034 , -0.126943033598029997
1237646586631292088 , 69.1745468965745971 , -0.18614501726069399
1237646548509983676 , 68.404105645452205 , 0.404608926879030995
1237646751428838093 , 72.3179598651502999 , 1.08364995897244998
1237646586096256726 , 73.4796263302460062 , -0.550732921694223054
1237646547436896947 , 69.8870608897191943 , -0.391911629212363999
1237646587170718862 , 75.0828741712766004 , 0.275111147742855
1237650014528668332 , 64.209902286335506 , 0.232206586810136006
1237646750352147063 , 65.5924851685494019 , 0.196699730305061993
1237646647294427908 , 65.0115575308766012 , 0.0587361980454743013
1237646547971867198 , 65.588954577415393 , -0.112246821366171007
1237646708486898080 , 65.2909540776172008 , 1.15817367388836989
1237646547974489071 , 71.6043724484218984 , -0.0546063439318551017
1237646751429362389 , 73.488930099152995 , 0.976074928343522052
1237646586096125150 , 73.0748784399140021 , -0.577749102260394998
1237646548510507599 , 69.5271686814387948 , 0.287412991143256025
1237646750889083848 , 65.7882298297543002 , 0.613002695189609037
1237646549586739950 , 75.273688444610201 , 1.23997492239382989
1237646648369480474 , 68.0503239393915038 , 1.03335822722904003
1237650013457613438 , 70.2599752809986029 , -0.557572780844523996
1237646587168031994 , 68.9303996378042001 , 0.229357694181726995
1237646749818422293 , 72.8064659201392033 , -0.25678284995876699
1237646587701690444 , 61.5897689890210032 , 0.693457402126581024
1237646547973308614 , 68.8493056824935934 , -0.0183150553841469992
1237649825012187473 , 63.2502238829581032 , -0.209604961900039993
1237646708490305667 , 73.1019295314726065 , 1.14024490255120003
1237646586633716269 , 74.7288726356028974 , -0.152028710129384986
1237650013991469681 , 63.3914840737318031 , -0.233659025913497992
1237646647297442114 , 71.9653965224302965 , 0.0779006631457452026
1237646587170325282 , 74.1292009727471992 , 0.319022943380390001
1237646548512801867 , 74.8561771605088069 , 0.406619310158155001
1237646647829856921 , 61.7304506679909011 , 0.590998202773013959
1237646648370529059 , 70.4139604441761975 , 0.933553754030041039
1237646707416301677 , 72.5016808611936057 , 0.26844127146909802
