1237646587705623444 , 70.6281218939528941 , 0.662097838466385036
1237646647297114170 , 71.1101169564306019 , 0.00505598413632209979
1237646587168490734 , 69.9357269640859016 , 0.380292917504053973
1237646647293510140 , 62.9755642913873004 , 0.212165770933105013
1237646751428969048 , 72.5528269832675932 , 1.03007032956062994
1237646586091865054 , 63.4264162781922991 , -0.583869193180689972
1237646751426805795 , 67.631755715927099 , 1.06694902032618
1237646750890983976 , 70.1068011701121065 , 0.585041556832539
1237649825013301786 , 65.8767576581235943 , -0.228418682259777989
1237649826089599181 , 71.6185625911946033 , 0.574356667401849985
1237646586091602178 , 62.7930606949917021 , -0.594910705500548032
1237646751430017608 , 75.0309969671296955 , 1.00901919170526999
1237646587170783918 , 75.2290964308399026 , 0.37601874831568799
1237649826089402873 , 71.1918211969556012 , 0.725829381642180027
1237646547974226796 , 70.8977406512935033 , -0.0450675882518428994
1237646586630898434 , 68.3246918772361056 , -0.0263321693418361001
1237646749814685910 , 64.2757204186150943 , -0.123385441364199003
1237646647298819379 , 75.0627878883063033 , 0.0248328842785704995
1237646547975536815 , 73.961927296280507 , -0.0188096701394151987
1237646588243739847 , 73.4498895791221003 , 1.13444645576340997
1237646751427723647 , 69.8237862444974979 , 1.0362019786396699
1237646750355686716 , 73.6960051170782009 , 0.149211769593168009
1237649825548206506 , 61.2803762458235965 , 0.211515785329145001
1237646587167047683 , 66.6077659485985976 , 0.284148352498454992
1237646648372626074 , 75.1241538531263018 , 1.04006020337850003
1237650014527423081 , 61.3424397731361992 , 0.103352220486829002
1237646750353196030 , 67.9597334598121989 , 0.164646971173613987
1237646749815865815 , 66.8466984093788028 , -0.243217724405994012
1237649795483697763 , 67.9292812208765042 , 0.166568798485398989
1237646586095141395 , 70.8570128019757988 , -0.491612728090558004
1237646647294493315 , 65.2086305426453947 , 0.138693798391700013
1237646646221865991 , 67.7503546269774972 , -0.709432001138109003
1237646646221996588 , 67.9979211378162063 , -0.647709064400697976
1237646751425888777 , 65.5951559912736002 , 1.03943052672212999
1237646647834444545 , 72.1663525311609959 , 0.494573528654727979
1237646586633126944 , 73.4431394225186978 , -0.0279650398379522984
1237649794410283596 , 68.6487273006844987 , -0.692368505604841977
1237646547975668049 , 74.1725553671491014 , -0.0899141775686255057
1237646549586477421 , 74.7262811763445001 , 1.20797592553088995
1237646750352867703 , 67.2458606145220017 , 0.297619902759944988
1237646751424512359 , 62.4137069691617015 , 1.00695365114443991
1237646751427986298 , 70.3990053809192062 , 1.03163098824697008
1237646587170456876 , 74.4162601946341056 , 0.353354046465036986
1237646586629391429 , 64.840500965316906 , -0.141272423941240011
1237649794410545289 , 69.3363076365627933 , -0.523289648612687008
1237646549046919355 , 68.5907516083619981 , 0.741331045578908054
1237646585554076047 , 61.297574593118803 , -0.932073585454427977
1237646585555845870 , 65.3615245818054973 , -0.850823792446768978
1237646647297704243 , 72.4698640451644991 , 0.17824080921483601
1237646647830971263 , 64.2291433964067977 , 0.573770582246469041
1237646646222651450 , 69.4481240384847069 , -0.82521764620197402
1237649826623717682 , 65.326149204340993 , 1.09775141049769998
1237646586629259782 , 64.5615559173225932 , -0.0152379472245743001
1237646587707129972 , 73.9999916009554966 , 0.769565506109719966
1237646587707195666 , 74.2328509551775966 , 0.79264596444304003
1237646647292723930 , 61.1492028370469995 , 0.138415171988206992
1237646588240986994 , 67.0872198870769978 , 1.14603223728975001
1237650013990879795 , 62.022014936252198 , -0.126112634356122993
1237646586631029315 , 68.5998916373754071 , -0.0198663926493759004
1237646707415122789 , 69.7976807230928955 , 0.253890396422084996
1237646548511818082 , 72.651568074803393 , 0.303603672919970979
1237646549048034280 , 71.1093209588041049 , 0.712228674747049983
1237646706341183914 , 69.3084553424549057 , -0.590790878832005983
1237646647297967632 , 73.1653618743635974 , 0.157869649145920998
1237646547437683979 , 71.6871694641815935 , -0.553167429409178957
1237646647298098288 , 73.4266398956334001 , 0.138014751766547011
1237646706340659975 , 68.1638333743564004 , -0.692883617198054025
1237646750353785867 , 69.2803563984899 , 0.143089665839919
1237646549046002258 , 66.4536350342147983 , 0.860433389917822034
1237649825551352456 , 68.5858412736940011 , 0.276858744335399976
1237646586091536959 , 62.6297385164376976 , -0.494919062828852008
1237646549582021255 , 64.4718607968392945 , 1.09467559395743996
1237646706342101215 , 71.4372933473067064 , -0.671958698014285982
1237646708487160262 , 65.8969000312985003 , 1.05006561820071997
1237646586632930386 , 73.0139532912448033 , -0.105379309867776993
1237649825013039125 , 65.1720836205340959 , -0.128479650632845999
1237650013992452470 , 65.5904396479305944 , -0.176359727115253995
1237649826088354263 , 68.8322353322080005 , 0.585783529975398953
1237646547434799967 , 65.1193577762499984 , -0.462985913418728023
1237649794948465159 , 71.7332199117769989 , -0.157403206374545995
1237646647298950290 , 75.3375063891186016 , 0.143577777431926012
1237646647294951770 , 66.1532448609789014 , 0.216217042616436012
1237646750888690473 , 64.8261307657438977 , 0.675777730249508046
1237649794947350577 , 69.1274301511118949 , -0.30316213261146302
1237646548507361484 , 62.3874245111887973 , 0.346716477915294974
1237646706343805390 , 75.2813621095917966 , -0.612938207072243002
1237646648369545294 , 68.1101921715636962 , 0.964521525687795034
1237646750350245917 , 61.1908091705622965 , 0.156919694365644014
1237646647830184337 , 62.419563880442503 , 0.574208353954730022
1237649824475185229 , 63.0515455211081033 , -0.711855854896028983
1237649826087502599 , 66.9408425061332935 , 0.710579083513011023
1237646587166327253 , 65.0770215214610062 , 0.328883248687189989
1237646750891639075 , 71.6185688522138975 , 0.574364163639789038
1237646587707524212 , 74.9306354165739066 , 0.713041480768224045
1237646750351098508 , 63.235591707443902 , 0.283117144972031998
1237646588240331315 , 65.6453753062582024 , 1.20935573234663996
1237649825549123848 , 63.4087729068864974 , 0.126087087891908006
1237646587169931590 , 73.3218610116783935 , 0.287248399136169008
1237646750890066213 , 67.9856594869470001 , 0.648442312594097015
1237646587166589952 , 65.6007688240508031 , 0.333216532686432976
1237646588243673833 , 73.2008926223864052 , 1.11080083637947991
1237646708488077729 , 67.9668604792204007 , 0.988333719393495014
1237646749815931189 , 67.0087616087771067 , -0.174863342963017004
1237649796558028936 , 69.3564429546821941 , 1.1228813805395399
1237646706880348455 , 74.6433540654007999 , -0.151197944099232012
1237646751424577887 , 62.5906819906361989 , 1.01340409589831992
1237649794409824998 , 67.6306918719036929 , -0.566433006101347947
1237646586091470974 , 62.5109875987174988 , -0.47654649696350998
1237646548508606886 , 65.2043368972065025 , 0.384584315735021998
1237646587169670604 , 72.7043738795855035 , 0.306082327409265997
1237646546897535526 , 64.2262963975127974 , -0.917124819989476037
1237646586632406082 , 71.8311227829866965 , -0.0198220002722322014
1237649794945253759 , 64.3415257731384997 , -0.124827206847946001
1237646586633912999 , 75.2772228368384049 , -0.0283993343474864997
1237646750887838048 , 62.8640999162170999 , 0.589813623336560955
1237646706880020493 , 73.7907294796215041 , -0.109381814962721993
1237646546896879730 , 62.6609472686150966 , -0.827562791303191991
1237646648371249232 , 72.0207380323843012 , 0.906859519858861041
1237646586091471559 , 62.5268431542397991 , -0.525687976143945024
1237646547434864828 , 65.2500046042099058 , -0.562290328511163007
1237649824478724562 , 71.027337194554903 , -0.672343221804477031
1237646547975078760 , 72.9156814439550942 , -0.100496534428145004
1237646587168555657 , 70.0620045971508034 , 0.400747638309759013
1237646549583724655 , 68.4395765585014999 , 1.23247490393995007
1237646646219178819 , 61.6028230590647965 , -0.635812552500658046
1237646751424184519 , 61.6276123283037975 , 1.05640966130440006
1237646547436765623 , 69.6303329144609933 , -0.523466474730475029
1237646546899108377 , 67.775827951182805 , -0.827554559596440975
1237649825551614571 , 69.1477523437800983 , 0.107862149703279994
1237650013994942944 , 71.3107603372830994 , -0.109592063553419994
1237646648369808097 , 68.7684446850602029 , 1.04837455417419001
1237646549049344747 , 74.055436929408998 , 0.849156268346561993
1237649824478462633 , 70.4973837547514961 , -0.697802510475950988
1237649826089795890 , 72.1496717411726962 , 0.61410395332779899
1237646750887706766 , 62.6394648587415972 , 0.707373988268178988
1237646588241969690 , 69.4081919218860008 , 1.1806860626617901
1237650013456302859 , 67.3687489422560049 , -0.614182361228036044
1237650013455843925 , 66.2834755949315024 , -0.712339022147199019
1237646647297114755 , 71.1268960877867045 , 0.197609026707263991
1237646548510901535 , 70.4166623976217068 , 0.316769626916102998
1237646586629194069 , 64.4174836440553946 , -0.139200793571384013
1237646706341970799 , 71.1776657750879025 , -0.627288454187086009
1237650013454205666 , 62.5269178904907008 , -0.525812598888858007
1237649796555997904 , 64.6966246078812048 , 1.05861634758426004
1237646548512605273 , 74.4162818531816015 , 0.353389518748803977
1237646549581103583 , 62.4753478071855994 , 1.28521994838984011
1237646549048099296 , 71.1670029394056058 , 0.710348330711426001
1237646646756901600 , 63.580949795690799 , -0.267446819811929026
1237646586630177341 , 66.6431235674991029 , -0.116709991934488
1237646647293510161 , 62.9881024328132 , 0.185059854580939986
1237646547437748398 , 71.8597223231165003 , -0.561325737750783982
1237646647295411180 , 67.2434665534195943 , 0.156270451982808006
1237649794945450682 , 64.8273498643627022 , -0.173252315790192013
1237646749814424201 , 63.6513518201239989 , -0.181185641753871002
1237646547971145776 , 63.8595058241010989 , 0.000564022739329250017
1237646749819207756 , 74.5284305063184007 , -0.235320749024856002
1237649825550303704 , 66.1967161178279042 , 0.162527755631400012
1237646706876088731 , 64.8868606411389948 , -0.222873655930235004
1237646751428706945 , 72.0299273561585949 , 1.11703096890139997
1237646707411255729 , 61.0241835993441981 , 0.285211671936583977
1237646587169473785 , 72.1792476819832984 , 0.402386815640040973
1237646749278143016 , 65.0186548699613951 , -0.658681195886052007
1237646547437290005 , 70.7669631969644968 , -0.511866878039315965
1237646549049279178 , 73.8989926746388051 , 0.712868342321992032
1237646587168358934 , 69.7024148633423977 , 0.329465642450428975
1237649825015005458 , 69.7686168684936945 , -0.300445244927270982
1237646588241642388 , 68.6092713614703058 , 1.11538543906070009
1237646708488864497 , 69.8320951727687032 , 1.04109474120948997
1237646549047181418 , 69.179000003186303 , 0.675684436990417026
1237646547971539727 , 64.8351678457356968 , -0.0924271775861580935
1237649824475643910 , 63.9726788350109032 , -0.620354765227395966
1237646587166458454 , 65.2984804538035064 , 0.408095552509527004
1237646706343608936 , 74.8852795493701962 , -0.585658509257223958
1237646708488405365 , 68.7386412278597021 , 1.12635716993451007
1237649826623718003 , 65.3187705892164985 , 1.0418731902490399
1237646547433488932 , 62.1741599338458002 , -0.429163172353776989
1237646706876023418 , 64.6866424549398005 , -0.151331630797478994
1237646586630308476 , 66.9723524428537047 , -0.0211934560858656994
1237646749815275979 , 65.6397135258626037 , -0.293847153787093973
1237649796021420490 , 69.8706467349544056 , 0.611860211055060055
1237649825013891742 , 67.1240602855273067 , -0.182823648642197994
1237649825548402948 , 61.7186643225357017 , 0.17791325205250999
1237646706342560079 , 72.5273165590630953 , -0.53978151482611203
1237649825012974224 , 65.1299961182373011 , -0.193908514454540992
1237646547437617763 , 71.4961041514158069 , -0.390324015546366976
1237646586094945227 , 70.4757422738422008 , -0.582198724194848971
1237646647293968987 , 63.9809451462993977 , 0.0944331345799005045
1237646586627948835 , 61.6568455909254993 , -0.164938097161031999
1237646708490043758 , 72.5501483630115018 , 1.15716858170970993
1237646749817766657 , 71.2463739367821063 , -0.150839846272963013
1237646646756508110 , 62.5672645295402035 , -0.250255814154696998
1237646547973308959 , 68.842229769602497 , -0.112692663310590996
1237649826625225146 , 68.8020875607561067 , 1.14902964147547992
1237646647831625897 , 65.831875004097995 , 0.517775789985388979
1237649796021092680 , 69.0864586219773003 , 0.558094085855751043
1237646707415580903 , 70.8427580382051048 , 0.29720932666133798
1237646587165082194 , 62.2454216286288968 , 0.312980949619000026
1237649794946892007 , 68.0389939753112003 , -0.170722035642356995
1237646648371577747 , 72.7263757653735041 , 1.01714203221323007
1237646646225077542 , 74.9714884607733012 , -0.693476599962659979
1237646587703394902 , 65.4288299604110932 , 0.844017956124801016
1237646586092978969 , 65.8653749487205999 , -0.541698526799181956
1237646648371183712 , 71.9251654459467034 , 0.891975580003122048
1237646547437159160 , 70.4920998971895045 , -0.558778761747580011
1237646587169538356 , 72.4275766379965944 , 0.300176156109728975
1237646648372232422 , 74.3615948567996981 , 0.970579551908159033
1237650013990420643 , 61.0182563422046016 , -0.162561799731066992
1237646549046329828 , 67.177224299426797 , 0.678001014947841041
1237646549046853837 , 68.4572729029816998 , 0.865519562506792961
1237646751427068674 , 68.3180452332780987 , 1.00196874419868998
1237649825016382129 , 72.8375465427544952 , -0.137588864011779999
1237646547435979339 , 67.8001649156067998 , -0.566011431589412028
1237646547436700443 , 69.4210361072409938 , -0.578790758211743972
1237649826085601697 , 62.5202735155659965 , 0.636105765110081989
1237646549582610910 , 65.9167625894881013 , 1.16764591862961997
1237646587166917761 , 66.4199869149745012 , 0.411814284753866999
1237646549583921482 , 68.8952512370285035 , 1.12983511488224009
1237646547972719367 , 67.4449243513083019 , -0.112316984691235994
1237649794947612976 , 69.7892167499989 , -0.121611847189149996
1237646708488994902 , 70.1255960281514064 , 1.02250289677486994
1237650013994812553 , 71.084844993297807 , -0.210335454310070002
1237649796557373899 , 67.8158365351607983 , 1.01145422027146004
1237646588240265757 , 65.4842055450669989 , 1.06723254978576998
1237650013992649404 , 66.0966894790094983 , -0.248588715158153006
1237646749814620757 , 64.1339118497690066 , -0.130824422338752994
1237646750354769127 , 71.518784629375503 , 0.321031677378042002
1237646585558794558 , 72.1213147442500002 , -0.879378341783986994
1237646751426347149 , 66.6784278001111943 , 1.00571536918347992
1237646547436962365 , 70.0263589263021942 , -0.588606902554874023
1237646708491289270 , 75.3684824025284001 , 0.983275657792864966
1237649826624700993 , 67.6311589895014009 , 1.13806078639817998
1237646587164754831 , 61.505577767614902 , 0.247191152519106006
1237646547972653955 , 67.2751704150028047 , -0.041872495330078599
1237646749817963091 , 71.6922639697062039 , -0.268433181461584014
1237650013454204975 , 62.5006980266216985 , -0.696271042772731996
1237646646757818719 , 65.5880391667785005 , -0.409028971418074982
1237646647833199255 , 69.3267091030440952 , 0.597486870004170001
1237646587707261921 , 74.370401545089706 , 0.644228680965548972
1237646549581365735 , 62.9736476435896009 , 1.13201682466867992
1237646587168359679 , 69.746373401614207 , 0.361435948554617026
1237646751428707031 , 72.075176800099797 , 1.00692440958463991
1237646586094813755 , 70.0852182191428028 , -0.535414250106946987
1237646647295083631 , 66.5298785066650993 , 0.130654665501468009
1237646547434012935 , 63.3474873940634993 , -0.408000098579980985
1237646587706082226 , 71.6599932113702067 , 0.750400672330997054
1237646706339807928 , 66.1684296450940934 , -0.571138832150790976
1237646548512473757 , 74.0375207887221052 , 0.321625426963108973
1237646547437814837 , 71.9355202986187976 , -0.52730501635082605
1237646549048165196 , 71.4254198304399068 , 0.791997273779256994
1237646588242101208 , 69.6449960043459981 , 1.0844399905675699
1237646646757884088 , 65.7779933820713012 , -0.290922806105062992
1237646647832543375 , 67.9312191366422979 , 0.62162164358677896
1237646587704508906 , 68.0891994562544056 , 0.726821396892830984
1237646647834575782 , 72.4420447033348012 , 0.578576256911246034
1237649826089140521 , 70.6038770879453068 , 0.593168823075508
1237646587164820045 , 61.6494157746103966 , 0.421723222791202002
1237646547437552554 , 71.3856869674245047 , -0.574749541421263999
1237646648370987270 , 71.5086381643910016 , 0.968956074528329991
1237646547437748883 , 71.779235511618495 , -0.42065393713768201
1237646647832805919 , 68.527057667385705 , 0.453387903017634986
1237646587166524363 , 65.4664516718907947 , 0.315110694330414998
1237646588241248913 , 67.7327058879910027 , 1.18771207500762999
1237646707416694906 , 73.3676482198816018 , 0.260609204409335993
1237646587703722562 , 66.1724218222334031 , 0.805522743469678004
1237646647833068341 , 69.0315571180164937 , 0.428958908071222
1237646750889410667 , 66.521572727574295 , 0.722803076338204953
1237646749282468634 , 74.8853469456155949 , -0.585623444452800013
1237649796559340044 , 72.2933913060239064 , 0.96492023924285697
1237646547436831555 , 69.7770619975678983 , -0.485305238411096018
1237646548511949219 , 72.9371131509976038 , 0.370400368158930016
1237646750355161226 , 72.4275655980291049 , 0.300173970966200021
1237646749279912320 , 69.0171202179015069 , -0.547319505499765047
1237646587169932374 , 73.2696665090397943 , 0.238971278595147996
1237649796559208769 , 71.926517874164503 , 1.0559104194464799
1237646646224421446 , 73.4901194105571989 , -0.659316396927443038
1237650013992846173 , 66.5803718219324026 , -0.131244379231212988
1237646586095993072 , 72.8557471826190977 , -0.539997724568584969
1237646647833002191 , 68.9120779724708967 , 0.464383226171318997
1237649826089664771 , 71.7914906130848038 , 0.617762718824828028
1237646750887903504 , 62.9630812657158003 , 0.620222940570925974
1237646586094748674 , 70.0093948186859052 , -0.49376831756482098
1237646749817373321 , 70.3456016377519973 , -0.0978659907464532047
1237649795485271002 , 71.6226259158018053 , 0.183125758052298998
1237646750892229435 , 72.9282560828985993 , 0.735851909823088013
1237646749282468005 , 74.895901133925193 , -0.549495081310567013
1237646749276701329 , 61.6718975920126979 , -0.62951045570442199
1237646549585494356 , 72.4628935340981002 , 1.25168460188006003
1237646647833789368 , 70.6387047859793 , 0.480412597921732021
1237646648370332465 , 70.0268906592273055 , 1.04020214958887003
1237646750890590965 , 69.2106939477863961 , 0.649051378203497009
1237649826626667189 , 72.1632881641909023 , 1.12466742556269006
1237646749817242448 , 70.1377365770492958 , -0.285384629832592995
1237646549047443651 , 69.7620201413835019 , 0.836816329386540048
1237646586632078247 , 71.0289558561910042 , -0.114886034596993994
1237649795482845820 , 65.986143088483999 , 0.111456102135628995
1237649826087895538 , 67.7920068350962026 , 0.572580470807574016
1237646648369480756 , 68.0320652237097931 , 0.929736555437818968
1237646646221471940 , 66.8521762035992992 , -0.786842954354345037
1237646549046657772 , 67.9997391423930964 , 0.878432832885558956
1237649794409431073 , 66.7497932394033029 , -0.647897748806284035
1237650013994680538 , 70.6876656844421944 , -0.267035686516627013
