1237646547438993806 , 74.6817004641673066 , -0.448985243016528979
1237650012919759245 , 67.9996107065212954 , -0.988928047343167971
1237646645686633151 , 71.4722517477471939 , -1.06378403293587009
1237646588238430320 , 61.3467630791110992 , 1.22725377910880007
1237646706342167098 , 71.6151559892514058 , -0.662290747046371031
1237646705804181969 , 69.0807215609941068 , -0.945436290450983985
1237650014529323637 , 65.5924602825758996 , 0.196696583641227996
1237646586094879366 , 70.2081804564364944 , -0.613196874339363984
1237646647833395764 , 69.7361458364216986 , 0.453235951459315001
1237649794945450682 , 64.8273498643627022 , -0.173252315790192013
1237646705805230775 , 71.4919629185514935 , -1.09992328421964003
1237646705805755279 , 72.7142382844148045 , -1.06805468980121998
1237646706340659975 , 68.1638333743564004 , -0.692883617198054025
1237646749817832351 , 71.4798270711950039 , -0.252569048453558986
1237646585557287898 , 68.5895975091014947 , -0.930221091700654035
1237646549047575316 , 70.1113089364844058 , 0.79192848352802403
1237646547975078760 , 72.9156814439550942 , -0.100496534428145004
1237646706342363695 , 72.0201045284883037 , -0.677157904858360027
1237646546899042561 , 67.6455527523243063 , -0.816565291491327949
1237646647832740605 , 68.2962554129339026 , 0.566852865694281949
1237649826089402873 , 71.1918211969556012 , 0.725829381642180027
1237646749276897760 , 62.1516770544616008 , -0.637061817918199047
1237646547437748334 , 71.8342551584920983 , -0.546042766203719054
1237646749817766657 , 71.2463739367821063 , -0.150839846272963013
1237646645683814650 , 65.0733041749068946 , -1.14162179969351008
1237649824479379744 , 72.6129712175641941 , -0.577434380325047014
1237646750891639075 , 71.6185688522138975 , 0.574364163639789038
1237646706877071719 , 67.0370718936812011 , -0.28395225348216202
1237649794946105967 , 66.2978910138351978 , -0.214540538052895996
1237646587168752818 , 70.6478550454364012 , 0.378957524215663977
1237646586631422670 , 69.4953009223365967 , -0.0488406440054256
1237649796557636389 , 68.4797648856673931 , 0.947858651947734998
1237646705805427529 , 71.8509746613131028 , -1.08539688869611006
1237650013991273117 , 62.9232560771891016 , -0.232607470855887011
1237649796021289473 , 69.6185518177837963 , 0.544357048132964039
1237646705802150453 , 64.346311039053802 , -1.14153843951843004
1237646705803919692 , 68.3832537851604059 , -1.06020455313677009
1237649824475578500 , 63.9138234653661002 , -0.596187240869649027
1237646585555649522 , 64.8774285550187955 , -0.913577968886558955
1237646647298753367 , 74.8547308627510972 , 0.0201269026851285983
1237646646220685912 , 65.0640322696735041 , -0.732254294816559015
1237646586633061590 , 73.3189089504550964 , -0.185514368619972003
1237646646757557016 , 64.9734572004633009 , -0.252226154586877027
1237646587170456277 , 74.4663324529301036 , 0.393685973189334015
1237649825011270049 , 61.2273352192242015 , -0.227964965862319013
1237646585558467627 , 71.3012244478454988 , -1.0159991322367099
1237646549046067205 , 66.5292491651297979 , 0.698836854998618029
1237646588244001760 , 74.0383752170705947 , 1.12620311474622992
1237646648368955574 , 66.7403411465946022 , 1.00891525358348
1237646548508083068 , 64.0170939160436063 , 0.382482056119991976
1237646588240593446 , 66.1931793060337981 , 1.13196581784188011
1237646706340397870 , 67.559783420047296 , -0.678355426027123953
1237646547434603176 , 64.7278972346097987 , -0.424463167035388
1237646547436569633 , 69.1836673208191968 , -0.400692944570151977
1237649796020044566 , 66.773101861663605 , 0.606851296516248029
1237646708488732914 , 69.4479662651613978 , 1.00530592583073997
1237646587166917312 , 66.407191520450894 , 0.271605106610937008
1237646749279781480 , 68.7232808118958047 , -0.714662705217446015
1237646646756246019 , 62.069084886956901 , -0.210840536360579006
1237646547972522138 , 67.0313339758651949 , -0.141778004802554009
1237646547971277065 , 64.2757189389920995 , -0.123416805995577999
1237649826622931478 , 63.5989098019537025 , 1.04879370489922996
1237646547973046927 , 68.2423823781076067 , -0.130180592944874995
1237646705803067744 , 66.4968644708801975 , -1.13482246528201003
1237646750351753336 , 64.6210422139846941 , 0.308884695189285019
1237646749816718272 , 68.8992906433303034 , -0.284016182285035002
1237646587704509338 , 68.0940120097062049 , 0.749564947937974013
1237646750890131942 , 68.0568535650065058 , 0.717924286611159035
1237646586095731356 , 72.276004554527205 , -0.575457806378631975
1237646587170719340 , 75.0349878816984983 , 0.339865263539436024
1237646549045019320 , 64.2753919222571994 , 0.686253754827625961
1237649796020765213 , 68.4396977650034017 , 0.626012891454235998
1237649824475054513 , 62.7207653424456026 , -0.707848265413816957
1237650013991273285 , 63.0059113428743984 , -0.211011933416641012
1237646586092978846 , 65.9640200006669062 , -0.612235402251604
1237646646224749670 , 74.3714647039837047 , -0.740839382830839055
1237649826087895538 , 67.7920068350962026 , 0.572580470807574016
1237646586629063111 , 64.0739097066260967 , -0.174429199419185998
1237646647296787458 , 70.4555803205315954 , 0.136945163132558001
1237646548509983097 , 68.4471421863369045 , 0.450825640132144989
1237646708490240642 , 72.9876112195307059 , 1.12303421828722994
1237649825552532245 , 71.2953345808202954 , 0.300385177378028001
1237646547970294165 , 61.9827578143580027 , -0.162204014752063003
1237646750350770329 , 62.4062722642196022 , 0.223746545685041986
1237646585554731465 , 62.7976380787808992 , -1.0031365491170301
1237650014527881823 , 62.4201942310939017 , 0.299406734543927022
1237646646760243852 , 71.1073938768250997 , -0.33702653128464799
1237646646223175921 , 70.6355912960834047 , -0.732755418813159975
1237649826088944240 , 70.246223095395095 , 0.674012496105060976
1237646546901926914 , 74.2718778741867993 , -0.953827083327459024
1237646647832806194 , 68.4949325470848009 , 0.446776611315233996
1237646586090882047 , 61.1834221302725965 , -0.599445824427965013
1237646548511949219 , 72.9371131509976038 , 0.370400368158930016
1237646587170850161 , 75.388427597008203 , 0.405055129979718986
1237646646761750912 , 74.5276952052547017 , -0.290136437403976988
1237646646222979364 , 70.2542689359255945 , -0.655314233762298026
1237646548511162783 , 71.1075912127931957 , 0.301611344590649977
1237646548509983676 , 68.404105645452205 , 0.404608926879030995
1237646647834641465 , 72.6268367426497008 , 0.524720078207150054
1237646588241313974 , 67.8889484909170022 , 1.06579525697583999
1237649826087371496 , 66.575188335427697 , 0.630410937963789997
1237646548512342060 , 73.7635988810103953 , 0.420703388272977985
1237646547438666022 , 73.9001107463051028 , -0.544662780791001055
1237649796557766954 , 68.7247702376069043 , 0.997900940917397006
1237646588244000959 , 74.019213992193599 , 1.20284363907575997
1237649826625683839 , 69.8191504782703021 , 1.09120007656507001
1237646749279060093 , 67.134239651313095 , -0.619996667307226024
1237646748743238155 , 69.4022668279861961 , -1.10991633660051003
1237646647832675071 , 68.1440566644046015 , 0.538894374810116039
1237646588242821536 , 71.2999509040181039 , 1.26633499151996998
1237649795484418639 , 69.6354088275018057 , 0.245219910909999006
1237646588242494675 , 70.5956125535311969 , 1.18654137484494004
1237646586632209131 , 71.2655535656423069 , -0.0766397865008923013
1237646588241642124 , 68.6298197715630067 , 1.13649666780617009
1237646705803461017 , 67.3350958837309008 , -1.14616784594692001
1237646648371249506 , 72.1081434878641971 , 0.858812317159345029
1237646749816325223 , 68.0123220676248934 , -0.120424637728017994
1237646586627752857 , 61.1309466685352021 , -0.0244566651698380003
1237646549048427477 , 71.9560621471311066 , 0.777033938930363988
1237646646221931449 , 67.824215658261096 , -0.695737220491570052
1237646588239938173 , 64.772406938872706 , 1.13384758465317992
1237649796559339903 , 72.3414529110549012 , 1.09990825528209002
1237646706338169130 , 62.4469332335592 , -0.689346405187254985
1237646549046985103 , 68.6196329976193056 , 0.879948147525962954
1237646749279912320 , 69.0171202179015069 , -0.547319505499765047
1237646587707720518 , 75.3577511352782068 , 0.665334371292083948
1237646587707393051 , 74.6154920807853017 , 0.669902246419261993
1237649796021682629 , 70.4934803260521932 , 0.712974693805855986
1237650013994681149 , 70.7004948861186051 , -0.228268922252423012
1237649825550303627 , 66.1532187480667062 , 0.216214517447973986
1237646750352409329 , 66.1929592319825986 , 0.186116083748932987
1237646549580906960 , 61.932463090230101 , 1.26765513589649004
1237646587704770635 , 68.5910277094624945 , 0.737080654546099945
1237646646759391726 , 69.1994553546480944 , -0.400825696200245996
1237646549583134913 , 67.0449053723287989 , 1.18068247606230003
1237646587703198084 , 65.101575281871007 , 0.754368944073469994
1237646647295804492 , 68.1734427499399942 , 0.0519079570405083027
1237646549043773954 , 61.3401320185967975 , 0.739191990568878965
1237649826085077269 , 61.3576539934214011 , 0.527252855671979992
1237649823937855788 , 61.9220813294942971 , -0.970109238761957982
1237646707417088026 , 74.2911292525213014 , 0.201485107341624003
1237646549586739273 , 75.2297680791932066 , 1.19591960566292999
1237646749817897189 , 71.5112834145070053 , -0.210487545323436998
1237649825011663362 , 62.1330115028725984 , -0.275527097861199999
1237646586628801418 , 63.5239008535911012 , -0.0132264535197036005
1237650014529061750 , 65.1101425294046976 , 0.154360360025310006
1237646647834444545 , 72.1663525311609959 , 0.494573528654727979
1237646647294427993 , 65.0842968705387932 , 0.0915353371747911065
1237646706877989533 , 69.2554616261289056 , -0.154918908281174994
1237646587704771176 , 68.5585391307529051 , 0.709529544943038992
1237646587168490183 , 69.9520475639819068 , 0.347818234061221976
1237646546899501746 , 68.7438423242025038 , -1.00347477639114002
1237646749817635909 , 70.9395681064190029 , -0.180129405580410989
1237646707416498900 , 72.9857803147182977 , 0.131436446940840002
1237646588242035388 , 69.5070987933149951 , 1.14156688794840999
1237646587168359679 , 69.746373401614207 , 0.361435948554617026
1237646648371643135 , 72.948667934711807 , 1.02742733834735001
1237646548506771585 , 61.1353618063924031 , 0.251715904701825977
1237646547439256579 , 75.3353258845039022 , -0.51090898288619202
1237646585555321798 , 64.1282032227422008 , -0.870607436500860032
1237649825549844743 , 65.0764865188375978 , 0.216391297949019012
1237646648370922350 , 71.2337543468129013 , 0.923704434988033007
1237646645685911743 , 69.7370128736005057 , -1.14608218295406994
1237646750890132006 , 68.0845848044241961 , 0.556983526381883975
1237650013454074634 , 62.2451801723048987 , -0.648627098500485055
1237646586631619530 , 70.0488875492745962 , -0.102562773834875998
1237650012920218315 , 69.0386629484213046 , -1.15308542621455001
1237646646758671189 , 67.6326089655208023 , -0.382329269064880017
1237650014531814388 , 71.4128186909724008 , 0.210836869274170002
1237646549047444010 , 69.6879007729809956 , 0.850326968204318967
1237646546899698483 , 69.198508580700306 , -0.800919654255846991
1237646547973440631 , 69.2138143561232937 , -0.0241789989599642992
1237646586629324860 , 64.7108725002265004 , -0.0254056980630377009
1237646646757753378 , 65.4728338331471065 , -0.337815577346001983
1237646587170063000 , 73.502891611778594 , 0.419269857033717996
1237646549583266296 , 67.3190367208708977 , 1.17514969478424991
1237646547437945462 , 72.2220633458081949 , -0.454878715991521021
1237646646220292115 , 64.0649571493848953 , -0.720275910446974033
1237646587703853439 , 66.5573691130063025 , 0.752075734415981967
1237646547973702455 , 69.8142750590921963 , -0.000859076354201846956
1237649825550762055 , 67.2127701224193004 , 0.256698764332050022
1237650012919497630 , 67.3896509352161956 , -1.06925941864437002
1237646646758212137 , 66.5028618651455048 , -0.226035611419517002
1237646749278273759 , 65.2809957434741932 , -0.670117072138322944
1237649825551286855 , 68.4282243329485027 , 0.149779910408489009
1237646706343215628 , 73.9977806223738952 , -0.722960165774505947
1237646547975406427 , 73.6110862244942012 , 0.0206018702896017987
1237646546899567209 , 68.8541203774476998 , -0.883599195995373954
1237646586093831397 , 67.8760323526767024 , -0.497577082588504027
1237646548509852161 , 68.0328791503703059 , 0.432042754122818007
1237646587166916720 , 66.4255663680542057 , 0.238699245484890993
1237646547970949321 , 63.4949158885946972 , -0.0992486658058960025
1237646750352999443 , 67.5457967671673032 , 0.259280999411868995
1237649824474857698 , 62.3080215818787977 , -0.661936847672549011
1237646547971145776 , 63.8595058241010989 , 0.000564022739329250017
1237646547975275357 , 73.3153511366829065 , -0.159596456949962995
1237646706340462984 , 67.6273671376782062 , -0.610438544847861975
1237649824476299484 , 65.5666560714447968 , -0.729975252113186035
1237646586095927551 , 72.6129622727095949 , -0.577420748018271035
1237646750353523077 , 68.7332354267649066 , 0.194463600672949988
1237646645685649474 , 69.1540381521445937 , -1.15886205362420003
1237646647832543375 , 67.9312191366422979 , 0.62162164358677896
1237646586096452859 , 73.8258685863802953 , -0.430823635549901995
1237649794411266513 , 70.9009280165560938 , -0.622795907924399983
1237646748743828276 , 70.8760835281496071 , -1.04725259488437006
1237649826085863956 , 63.1423801963722013 , 0.551266643791804012
1237646647832544224 , 67.8471001497389068 , 0.606690078428217983
1237646647829725610 , 61.4696384848735988 , 0.567899217465827055
1237646647832544464 , 67.8779152745561021 , 0.446140416766677983
1237649794945909212 , 65.8259728793937029 , -0.118463135951322004
1237646547970818063 , 63.1046522527735974 , 0.0153958602529235006
1237649826624438526 , 67.0361088479053961 , 1.11600282210383006
1237646549046395486 , 67.4003747412253063 , 0.690673302476479956
1237646708488078078 , 68.0065342822603043 , 1.07576970170784003
1237649795484484160 , 69.7454782629690015 , 0.314884911072144003
1237646587706934780 , 73.5219674879950986 , 0.743190801573797022
1237646587165016614 , 62.089229369133399 , 0.427648136087719011
1237646588242101208 , 69.6449960043459981 , 1.0844399905675699
1237649796559143205 , 71.8166565294907002 , 1.00861855502634001
1237646587705295733 , 69.8721002990426996 , 0.668429675794814049
1237649825014088246 , 67.6691496563029062 , -0.21067309673197801
1237646647298688417 , 74.8013849325308939 , 0.00504220316448722016
1237646587169997951 , 73.4391387554507986 , 0.278158256364015977
1237646585556960118 , 67.8166158607327958 , -0.937011140256431951
1237646750889411176 , 66.4332568071783953 , 0.608535949990720026
1237646646225142627 , 75.2077219654988056 , -0.749013840548808041
1237649823939756785 , 66.3311810136384992 , -1.08494843895730009
1237646586629129327 , 64.351798626158498 , -0.183206036694266994
1237646586096910861 , 74.9878658445265955 , -0.557240748386399032
1237646750353457725 , 68.5261501964363049 , 0.300552054725828022
1237646750891967392 , 72.2896860523774052 , 0.729057326437361986
1237646587168555983 , 70.1694396600250059 , 0.269265687467961978
1237650013993239310 , 67.4028491210007985 , -0.248400935972560993
1237646646761096234 , 73.0883613867903961 , -0.374756855699654001
1237646646761947456 , 75.1075022394598051 , -0.295931899399627996
1237649796559340218 , 72.265213626867407 , 1.01142121851702993
1237646648371249232 , 72.0207380323843012 , 0.906859519858861041
1237649823937921269 , 62.031078443131598 , -1.04603420298640004
1237646707416171332 , 72.2038273997495992 , 0.260562821074865003
1237646708491223206 , 75.1151970877823061 , 0.991879664797606031
1237646647296853306 , 70.5553509990310062 , 0.0574523770493398991
1237646587166589234 , 65.6781747803310054 , 0.409862651267521028
1237646648371577747 , 72.7263757653735041 , 1.01714203221323007
1237646588239676508 , 64.0918831217893938 , 1.22170629126040997
1237649794946433310 , 67.0313333780232057 , -0.141789367561231006
1237649826626535676 , 71.8166530759348944 , 1.00861536483794989
1237646646758998105 , 68.3047441517545053 , -0.33483954620197498
1237646751429493386 , 73.7933457103095947 , 1.0396283326982001
1237649826087895628 , 67.8471557284086941 , 0.606656881613775956
1237646549043970840 , 61.8827093387139016 , 0.808007405074229967
1237646749281027076 , 71.6347943210842004 , -0.712886488078378955
1237646750354506545 , 71.027343358763801 , 0.301679665941554986
1237646647832740625 , 68.3068941616623988 , 0.540432272461585983
1237646647295279724 , 66.9421619089589939 , 0.0772502574164893041
1237646748741272440 , 65.007682648969606 , -1.13982669213328003
1237646586629063274 , 64.1462851845868016 , -0.0793249976105593058
1237646547436110415 , 68.1137349346386998 , -0.575029727184238948
1237649826624242270 , 66.5817091926758025 , 1.11963347501577992
1237646648367710532 , 64.0187376175907019 , 0.966390292215449032
1237646549044298339 , 62.5438744982616015 , 0.862627415247679052
1237649796559405112 , 72.4205278146548039 , 1.14030409714954994
1237646588242887838 , 71.438464707442094 , 1.22668108747997007
1237646705801560520 , 62.9890300850466005 , -1.06826529481274002
1237646646219046940 , 61.2461221381801977 , -0.81850812812060203
1237646648371183712 , 71.9251654459467034 , 0.891975580003122048
1237646585558533103 , 71.5140272482656059 , -1.03419012905884
1237646705803919899 , 68.3968742712587954 , -1.13962652442726009
1237646647294624442 , 65.5011483536404029 , 0.0114886993527192997
1237646646221276425 , 66.3376601967145945 , -0.676740153399332023
1237646749276701326 , 61.6702044271318002 , -0.603236428485457998
1237646587169407054 , 72.004516571233907 , 0.246018070768732
1237646547974488202 , 71.5493552346186021 , -0.0111109830783245999
1237649793874329796 , 70.8205416424030005 , -0.962347571001394009
1237646646222913956 , 70.1586136404126961 , -0.730871810698608959
1237649796021026887 , 69.009027345654701 , 0.641710414400294971
1237646749279716000 , 68.5614262922788953 , -0.649821195498983983
1237649823941132837 , 69.4634001501696048 , -0.987603670913314025
1237646549586609189 , 75.0331780511928059 , 1.1285454477472201
1237646548508999913 , 66.2221055936774974 , 0.278842741281153994
1237646751427592891 , 69.4518935194923017 , 0.959793133703513046
1237649825552662900 , 71.4520044973457971 , 0.135231090066362997
1237646548507230469 , 62.1443679678123004 , 0.259729198184152021
1237646647296328782 , 69.4252500128781946 , 0.190562980998769005
1237646549583201041 , 67.230583837456507 , 1.20270670229948995
1237646648370922575 , 71.2954971566413036 , 0.893757201990131978
1237646586632472018 , 71.870834900115895 , -0.0438272619893911031
1237646647293444418 , 62.7365816803864007 , 0.146680480001996988
1237649826623783430 , 65.4725429168321966 , 0.958921913973278972
1237646750356013125 , 74.372779801458293 , 0.320559781610621986
1237646588242363175 , 70.292298331632793 , 1.0904043948842399
1237646749815800554 , 66.8253205496464062 , -0.294874797364193975
1237650013993435728 , 67.8571175730718039 , -0.215105330112804
1237646646758211648 , 66.5463830686423989 , -0.246431262741973994
1237650012919693787 , 67.8594795641171942 , -1.03035620248066007
1237646549581103583 , 62.4753478071855994 , 1.28521994838984011
1237646588243935651 , 73.8243929919906066 , 1.14697424585844998
1237646647292723816 , 61.1759356768605969 , 0.0556648505567491
1237649795485467133 , 71.9530600623447043 , 0.149494860296837007
1237646546900026260 , 69.949634560571198 , -0.980552756009965054
1237649826089009377 , 70.2715170086057981 , 0.636191510199321963
1237646585555517918 , 64.5718311717760969 , -0.903985867787724051
