1237646549051835294 , 79.7359533444980002 , 0.872224641460849992
1237646648375248481 , 81.1346738519752932 , 0.972757653106351983
1237646751430017961 , 75.0683750175055025 , 1.08322631603640995
1237646549049802873 , 75.1249634473652037 , 0.759110780431608956
1237646793836855481 , 77.7667753522505052 , 0.974855358199127053
1237646751431459863 , 78.3533510885239934 , 1.03633216417553009
1237646794374514151 , 79.6308303242413018 , 1.43109430309088004
1237646647838310638 , 81.0181452787873013 , 0.569353680113325988
1237646587710408002 , 81.4741696746410042 , 0.816066942619419033
1237646751431460053 , 78.2247490215881953 , 1.13841910061466001
1237646648375116074 , 80.894091313128996 , 1.00014574192870009
1237646707957105498 , 81.4175692210213953 , 0.628983625148056946
1237646587710145234 , 80.880646436146705 , 0.739411914796946013
1237646707956122096 , 79.2570955763163028 , 0.554527803536200015
1237646647837262923 , 78.601958209318795 , 0.594743739972836027
1237646708491223892 , 75.1156177307290989 , 1.03576273541529007
1237646648375115846 , 80.8254098672248062 , 0.893153578734068976
1237646751430738044 , 76.6531167983075932 , 1.06719785638018005
1237646647837065513 , 78.2055007737519929 , 0.577537077169890001
1237646647836738910 , 77.3711667660365947 , 0.529583558605285054
1237646549588116642 , 78.3476820999572965 , 1.29870150477872004
1237646750893539791 , 75.9261484424265944 , 0.66195887001032605
1237646751430476450 , 75.996311725993607 , 0.972207046509586004
1237646708491419935 , 75.672842227319606 , 1.01814255069913995
1237646750895374816 , 80.0485827367987071 , 0.700060909504878981
1237646750895506900 , 80.4573864530299971 , 0.606238195354345977
1237646648372626074 , 75.1241538531263018 , 1.04006020337850003
1237646794374447691 , 79.4225006940230003 , 1.25177975034544997
1237646587710212228 , 81.0255120030175959 , 0.79571035788790101
1237646793838102146 , 80.6375679294611984 , 0.989659389852751037
1237646794374513749 , 79.553507336302701 , 1.40758863442293003
1237646793836856396 , 77.7653643900116975 , 0.843750611638926951
1237646751432180633 , 79.9126269016792037 , 1.03233284407304993
1237646549049738044 , 74.9771948279040004 , 0.827334414054155975
1237646708493779843 , 80.9560054460346947 , 1.0457098238712399
1237646751431000256 , 77.2143308035810065 , 1.00176686213315991
1237646751431852646 , 79.2438142919193069 , 1.0035810802282199
1237646708493583135 , 80.5826305600134987 , 1.02044737886597003
1237646648375182846 , 81.1013952603499035 , 0.975710187321572997
1237646750893146134 , 74.9401802034225 , 0.724138765284076946
1237646587707852427 , 75.6552404623173942 , 0.662784750701840952
1237646751431263275 , 77.887070282605805 , 1.10248296339154006
1237646794374578652 , 79.7000754498908037 , 1.41891498294799989
1237646794375299301 , 81.3378418565027062 , 1.36913929381627009
1237646587709818512 , 80.2011067800262936 , 0.781175037382164983
1237646648372692024 , 75.325654165806597 , 1.03038134698566997
1237646708493190321 , 79.6901325994524967 , 0.957088604499406026
1237646708492337756 , 77.6669596755649962 , 1.14927642210815995
1237646750895637984 , 80.682860323156504 , 0.685250018928877047
1237646751430803577 , 76.8336055628941068 , 0.999927883438711973
1237646648373216023 , 76.5248267268831057 , 1.01015228865390005
1237646587708769822 , 77.7309464436274027 , 0.673922716189197968
1237646793300968770 , 79.9708157634910037 , 0.556362180874030998
1237646707957302588 , 81.9501470499391047 , 0.706784483000827968
1237646549051965493 , 80.0195334405320011 , 0.78583222349456805
1237646587707982723 , 76.0151567311599052 , 0.799450134495317988
1237646587708965915 , 78.1280826886175959 , 0.688632838872398012
1237646587708966239 , 78.2268437051219934 , 0.845820295204540051
1237646708494042428 , 81.6568840172060959 , 0.996359588419603037
1237646794374776496 , 80.2102849598554002 , 1.38441248309222997
1237646751432246406 , 80.1579987933043014 , 1.10686970524391004
1237646648372822980 , 75.7177490933591031 , 0.916634164011894015
1237646793838167389 , 80.7030809907814017 , 0.818399061193097022
1237646751430411221 , 75.8381401065832961 , 1.13052856742126995
1237646707957237058 , 81.8165133343445063 , 0.591358379426270009
1237646647836410025 , 76.7039190431927977 , 0.575600625635518948
1237646793837314596 , 78.7684201870182932 , 0.857371135028161979
1237646588244657042 , 75.4689729366532021 , 1.23310294453517999
1237646750894719988 , 78.5826508825389993 , 0.570112535245332008
1237646648372494972 , 74.8330267380625003 , 1.04970165533720006
1237646794375300313 , 81.3491013974681039 , 1.31894308884669997
1237646587710211231 , 80.9776009086992019 , 0.757725965702560011
1237646708491879033 , 76.6790429564285034 , 1.15744108936018009
1237646587710079682 , 80.7044445688225949 , 0.806181841369635999
1237646750896030604 , 81.5662661576891992 , 0.750157689113155945
1237646587707588671 , 75.0461675635500995 , 0.660102531554116023
1237646549587526647 , 77.1227569908351001 , 1.10963162070337007
1237646750894523369 , 78.1429455522460046 , 0.57425891554128905
1237646794375234386 , 81.2585746028730966 , 1.31764604207608005
1237646549587788888 , 77.7392756695502953 , 1.18350594541464993
1237646587709686063 , 79.8886809335949977 , 0.76616063908866705
1237646587708900479 , 78.064720126313901 , 0.672114672469715013
1237646648375051334 , 80.7149027754871042 , 0.994648615504910016
1237646750894850107 , 78.8294505934046015 , 0.742294288629565036
1237646549050262057 , 76.1466967120697973 , 0.830855815257438013
1237646647836344544 , 76.5474876804411934 , 0.622117520446045957
1237646647837394011 , 78.895438183843595 , 0.574627250058457051
1237646708493649018 , 80.6740556406152933 , 1.02063702830021996
1237646587710080450 , 80.7645725310367055 , 0.808953123440785959
1237646750896160986 , 81.8602541793429026 , 0.635685609202449986
1237646549587133261 , 76.2326160952619034 , 1.22049558766522992
1237646549051572887 , 79.1671215113797047 , 0.869047800155825945
1237646707957171322 , 81.5483407063209995 , 0.536522934309298982
1237646708492600027 , 78.3337458127367938 , 1.04062060242831
1237646648372626289 , 75.211123831586093 , 1.03382274377644001
1237646794373726832 , 77.6952299269791951 , 1.28855206052693005
1237646750894392489 , 77.7987812503105971 , 0.672635889858801961
1237646793837511556 , 79.2061827730216947 , 0.952459112106042949
1237646751430870019 , 77.0098076268413934 , 1.16744542077838998
1237646750893081876 , 74.8694126167431051 , 0.664891824262618947
1237646549050065959 , 75.7213700428873011 , 0.806584525646112049
1237646648372822547 , 75.6597384438076972 , 0.962139690348596033
1237646751431459631 , 78.2695891262030017 , 1.06820365091989
1237646708491813260 , 76.5923351080267025 , 0.950482888807118953
1237646750895244545 , 79.8489457598149954 , 0.748730079180409014
1237646588244395281 , 74.9000126631139977 , 1.18519259925431997
1237646750895244524 , 79.8413760733438949 , 0.615972279520640043
1237646587710145505 , 80.971166803029206 , 0.766428756908437037
1237646647838639744 , 81.7192058332008031 , 0.534865118228619041
1237646708491682231 , 76.268768392952893 , 0.988819893068501043
1237646587710277850 , 81.2158885166121962 , 0.827616748532538971
1237646587707589714 , 75.103947376601397 , 0.705233885388740989
1237646549050327853 , 76.3269279363839956 , 0.782472608068418007
1237646708492206196 , 77.4276521924060006 , 1.14013894165288998
1237646750894523762 , 78.0966086953253011 , 0.639712459956530033
1237646549050785938 , 77.3496429876483944 , 0.79897036115383202
1237646794374709852 , 80.0199860373473939 , 1.28095110414297997
1237646648373740621 , 77.7544719393586945 , 0.875541149757603998
1237646648375574741 , 81.9059355256715946 , 0.974491057935387039
1237646549050982553 , 77.810033216213597 , 0.741911531598971052
1237646549587592179 , 77.2776086816507046 , 1.24128794371154005
1237649742333280729 , 81.9334286010948034 , 2.19745190469694007
1237646750895571378 , 80.4662344600261008 , 0.752036491165140042
1237646794374054067 , 78.5042907161147951 , 1.2394945566503599
1237646587709817471 , 80.180272751474007 , 0.747284884185140053
1237646751430934603 , 77.0435012962246049 , 1.15217534397643995
1237646708492599453 , 78.3937929666994933 , 1.00975279625134995
1237646750893539836 , 75.9576364167536013 , 0.727979079665056039
1237646793837708106 , 79.6888914357776059 , 0.939295082826701044
1237646751432574348 , 80.9143093088690932 , 0.980253643391514995
1237646549051835228 , 79.7131434259951988 , 0.722091742728619979
1237646549586609189 , 75.0331780511928059 , 1.1285454477472201
1237646793301099413 , 80.2481218973252055 , 0.586639807932781032
1237646648372888766 , 75.7368754556259063 , 0.910780222324530042
1237646794375233630 , 81.164133591917107 , 1.2432826553965699
1237646549052162594 , 80.4580851108512007 , 0.87729543684418998
1237646647837327709 , 78.8300017758734981 , 0.586177864737200016
1237646708493845104 , 81.1330012621647967 , 0.98713195792998798
1237646587709752728 , 79.9380889980654956 , 0.678677294480786952
1237646648374527224 , 79.5844887407766066 , 1.00532225166746003
1237646549588312943 , 78.8502543521637023 , 1.1710346422729101
1237646707956646272 , 80.3857460539219062 , 0.609921451409982995
1237646587710079586 , 80.8199389958936933 , 0.804382125545267002
1237646751432573334 , 80.8941255928692016 , 1.00014093453781006
1237646648375312830 , 81.3806894072842937 , 0.91811159136467102
1237646587709883157 , 80.2817779477851019 , 0.796470004779582963
1237646587709163168 , 78.7215779797634951 , 0.808239500409821954
1237646587709556260 , 79.5008198407536071 , 0.717687248179048054
1237646793837183552 , 78.5779328531466064 , 0.811752166329251956
1237646708492730917 , 78.6783053580456055 , 1.14868638661269995
1237646708493254887 , 79.8329367881951981 , 0.992851417154433036
1237646794374840419 , 80.2840182954237065 , 1.3826767041147201
1237646708492665272 , 78.5415329669938984 , 1.02617554859891991
1237646794374971797 , 80.6553209253250998 , 1.33935590661024007
1237646587709161924 , 78.5779149957135985 , 0.811738913727371947
1237646794374513768 , 79.5627826124248969 , 1.30823045364397994
1237646708493451783 , 80.2941334427294038 , 0.953626340254557947
1237646751430673016 , 76.5034070423049997 , 1.03675995371558005
1237646793301755365 , 81.8639035960831052 , 0.574572216098489963
1237646794374382081 , 79.2506407867941931 , 1.34863620683968
1237646647836542109 , 77.0569521140462967 , 0.582141286396669955
1237646587709818040 , 80.1313057299204985 , 0.677828680349110035
1237646750895964596 , 81.5022694348530052 , 0.713261593402052974
1237646549052556266 , 81.3999040387409991 , 0.751913101055277977
1237646549588641022 , 79.670839014520098 , 1.19995479941252992
1237646708493648837 , 80.6784064032519979 , 1.08068604005161006
1237646587707720856 , 75.3015212452067004 , 0.67308698169426695
1237646707957236261 , 81.7666082928369065 , 0.677423594810493968
1237646587709162329 , 78.6612419284544018 , 0.677941443314370007
1237646751431591065 , 78.605855719541907 , 0.982337130203588038
1237646750894261295 , 77.5596444595474992 , 0.721622929658297996
1237646648374330214 , 79.0280851084166045 , 0.969465507854496034
1237646549051508067 , 79.0681728607071932 , 0.758510017904820977
1237646549052096594 , 80.3199802793390063 , 0.825740230098699013
1237646794375299990 , 81.4317022073536947 , 1.23537745304266999
1237646549051638359 , 79.3658461567340936 , 0.829209080833755996
1237646647836673023 , 77.2719666107320933 , 0.532599342221386052
1237646750896162440 , 81.9021782780736061 , 0.74884955952263299
1237646587709490616 , 79.3330620516272944 , 0.843369104802255021
1237646587707851363 , 75.7230975909668018 , 0.682098794856474955
1237646750894456872 , 77.9537831815907936 , 0.640540347611638028
1237646793300575259 , 79.0956673054752031 , 0.543362791279052959
1237646750896030503 , 81.6394770288091962 , 0.61865147282979005
1237646549587067817 , 76.0456177526351951 , 1.10507252224766006
1237646549586804789 , 75.372796275818402 , 1.22258585391117003
1237646707955401152 , 77.6420718602981026 , 0.696206116582033019
1237646647837721628 , 79.6736323170489982 , 0.57094157990045602
1237646708491813885 , 76.5992006053291021 , 1.13273374161823992
1237646751431525095 , 78.3828479031349019 , 0.962922514825823028
1237646793837445144 , 79.0464815899066053 , 0.854620668799840999
1237646587710210167 , 81.0112774975878978 , 0.782881259377517957
1237646648375117241 , 80.8566840392232962 , 1.02240764728549993
1237646587709621339 , 79.6686466161490046 , 0.744861373688616046
1237646750895112620 , 79.421037376667897 , 0.684013894135066969
1237646794375102876 , 80.9738516943326943 , 1.41496299231441003
1237646707956056880 , 79.0675944762023022 , 0.642226964308526993
1237646707956581438 , 80.2550052856779956 , 0.562733089391162955
1237646648373411868 , 76.934099222289305 , 0.955368169750801965
1237646549051180117 , 78.3074069835942055 , 0.842328396776017008
1237646549052294414 , 80.7507373534751025 , 0.681675605540479013
1237646648373674045 , 77.5460283714307934 , 0.850857135980928048
1237646549050982455 , 77.760817911268802 , 0.796484108518643041
1237646793301688741 , 81.724824977795393 , 0.562373976924797958
1237646793301033117 , 80.1390743273006052 , 0.566223658828350018
1237646751432377231 , 80.3240165173560996 , 1.05671689032812011
1237646549589426513 , 81.4686796494610945 , 1.22838761324462009
1237646587707852369 , 75.671497566128906 , 0.783482342997904979
1237646648374134149 , 78.6532877273377977 , 0.920784796630055968
1237646751430934669 , 77.1217150017191955 , 0.965699584808378031
1237646750894719769 , 78.661274345848895 , 0.677911786436287023
1237646750893867588 , 76.7019830607780051 , 0.746090098435899018
1237646549587919912 , 77.9647777299359035 , 1.19971738748319989
1237646751431787494 , 79.0545745847609993 , 1.10500424944601994
1237646549588706547 , 79.6989140116333061 , 1.10712062978744008
1237646794373988557 , 78.3907665298880971 , 1.33673484363915995
1237646751430411426 , 75.9391695045197963 , 0.967504307499323035
1237646549588639976 , 79.6140037505580977 , 1.22176244843564996
1237646794373858446 , 78.0186843004054964 , 1.30183723751298008
1237646751431197577 , 77.7095738764109996 , 1.08967662858968994
1237646549052556279 , 81.4092916256162056 , 0.795630783849386014
1237646549586543343 , 74.8548319900639001 , 1.16582353637922997
1237646707956122803 , 79.2052242297794038 , 0.727452073610160954
1237646793837642471 , 79.6207482521853933 , 0.869232050698331982
1237646750894392377 , 77.8925802058934948 , 0.709488409538504006
1237646750894916817 , 79.078954056456098 , 0.656608888405591951
1237646549588378533 , 79.0563942129892041 , 1.23893930672929997
1237646587707983412 , 75.9948070981428003 , 0.820155982830961028
1237646587710407713 , 81.5662295712314034 , 0.750150862676262964
1237646708491682605 , 76.1709081100578942 , 1.1502075091991899
1237646549051310738 , 78.6378063014451953 , 0.828472969661321001
1237646587708704411 , 77.6800394044422973 , 0.697398664191691053
1237646648372888655 , 75.7851656011485062 , 0.944563115689351029
1237646549588968562 , 80.3214468508309949 , 1.23673320503195994
1237646549586871006 , 75.605227796281099 , 1.24226782214514997
1237646751432376691 , 80.4626560090481036 , 1.10381972129127992
1237646750895374639 , 80.1510534937886945 , 0.719677087085505041
1237646549587722304 , 77.4930126081043937 , 1.09507945115132999
1237646587709883066 , 80.3511837774920963 , 0.710178563104844951
1237646549051900483 , 79.9469021360026062 , 0.804570015780201042
1237646549588771368 , 79.9549383508352065 , 1.29765390040111006
1237646549586805781 , 75.4057340741468067 , 1.19585246364121001
1237646751431983657 , 79.5168585464388968 , 1.05242314930228997
1237646793838495233 , 81.4628213787672024 , 0.973236966613842958
1237646794374972229 , 80.6864711292279964 , 1.25465132492169995
1237646794373661116 , 77.5975322808204027 , 1.43259436114806005
1237646587708178898 , 76.4073314500378018 , 0.680138281756156982
1237646793837445734 , 79.1876794539659983 , 0.990299619592777014
1237646587708572646 , 77.2667369528737993 , 0.834617736996359993
1237646708493320944 , 79.945763925551006 , 1.13291041776176993
1237646587710538055 , 81.7830622251352963 , 0.697709244969269005
1237646708493517846 , 80.4870176920746019 , 1.12369175447675995
1237646648375247048 , 81.1985528797217029 , 1.05425080564273999
1237646750895703371 , 80.8924280406021978 , 0.688804827652593987
1237646793301296150 , 80.716116237316399 , 0.577593211063512024
1237646549051966406 , 80.0842969534947002 , 0.793966495919046
1237646794375234637 , 81.1931228543124064 , 1.29826382892000991
1237646549588312782 , 78.8398985213521968 , 1.16263514315344008
1237646793837642995 , 79.5868111443154049 , 0.838578440012750947
1237646708491354298 , 75.5126350173864012 , 0.957110523557160975
1237646587708769781 , 77.696069556438303 , 0.716709636933122951
1237646647837459609 , 79.0956757963947013 , 0.543369953810153961
1237646751431459519 , 78.221739747723106 , 1.1131298972343
1237646707955532865 , 77.8772200107740957 , 0.707688342563509987
1237646793836791283 , 77.6873191141248043 , 0.818150022689719036
1237646549050852477 , 77.5596099133531993 , 0.721633975451453025
1237646549052032224 , 80.1416671835126948 , 0.753520846857042015
1237646751431459686 , 78.2927684987134995 , 1.17043424653123007
1237646648374461548 , 79.3903685037129065 , 1.00586439114208992
1237646707955467260 , 77.7436305542741053 , 0.690513732582510031
1237646793838101664 , 80.5760978182477032 , 0.96839788883446698
1237646587710473582 , 81.6976615072169068 , 0.67039895762996804
1237646793838167186 , 80.7645671684949065 , 0.808962716286898975
1237646549587985395 , 78.0971010815701021 , 1.22493052219033993
1237646549587067338 , 76.0729661487620064 , 1.13124651483026994
1237646793300443816 , 78.8700624822318019 , 0.580915710353504977
1237646707955663013 , 78.2038218495399065 , 0.599790478443950947
1237646549588247084 , 78.7827961792382041 , 1.17630041728034995
1237646647836541891 , 76.9763827356882047 , 0.552157320287812947
1237646751432114987 , 79.7296179269099952 , 1.02680745129197004
1237646549587330006 , 76.5663410263674962 , 1.1720691271978001
1237646750894523333 , 78.1280949649633953 , 0.688606484918256045
1237646707957236392 , 81.8283894545947987 , 0.562363415388047017
1237646751431065949 , 77.4392106291012965 , 0.998601891312434042
1237646549052424692 , 81.0756384581751064 , 0.862527016471336005
1237646648374854404 , 80.3495081116509056 , 0.993694324344411961
1237646751431459791 , 78.3275206526398051 , 1.05367919122584008
1237646751432376566 , 80.4200466311364011 , 1.04878889584087998
1237646751431197512 , 77.6738981582422952 , 1.08412211050525009
1237646549051768929 , 79.6064802633282937 , 0.770181517384049052
1237646549586609092 , 74.9098314509289054 , 1.2034096997608299
1237646587709423727 , 79.2096556436520984 , 0.732963664919650038
1237646751430673385 , 76.5663140676722946 , 1.17200894694034008
1237646549588706320 , 79.8173928356127931 , 1.09898037491558997
1237646587709097565 , 78.5343855976694982 , 0.75681636262654195
1237646708494107001 , 81.722717265014694 , 1.05855225381907991
1237646549051900607 , 79.9567005037163057 , 0.816664184435659024
1237646794375562491 , 81.9669524470049993 , 1.24645979422800002
1237646587709686888 , 79.8288491842697994 , 0.700560574121897983
1237646707956450133 , 79.9954349339317048 , 0.544604508065212989
1237646794374774995 , 80.1563799184203987 , 1.25623034006225009
1237646587708966175 , 78.2075198082397947 , 0.728490932583289008
