1237646750894523369 , 78.1429455522460046 , 0.57425891554128905
1237646549586609236 , 74.9079946528178056 , 1.09240686055620007
1237646587172291479 , 78.5786779665969988 , 0.298917584869391018
1237646708492862499 , 78.9589703174984976 , 1.06100084455763
1237646750358111681 , 79.245655942009904 , 0.266420514757372995
1237646793300444266 , 78.8417019671057062 , 0.408607979607179983
1237646586635749042 , 79.3351708247741954 , -0.147267904968432006
1237646750356340897 , 75.1411045798866013 , 0.310338279589327026
1237646706881528077 , 77.255345028060205 , -0.146761934045813003
1237646549050917692 , 77.6785057005504029 , 0.789579693187768994
1237646708493320536 , 79.9302664008068007 , 1.00687437410759006
1237646548515423604 , 80.8286277258702057 , 0.379144128753810983
1237646792763900497 , 79.6338422319889929 , -0.0153658336246531007
1237646587171898959 , 77.7369705337278987 , 0.358531393712989976
1237646708493648837 , 80.6784064032519979 , 1.08068604005161006
1237646707417678649 , 75.5667645829502987 , 0.30880045518604099
1237646548515749954 , 81.5182963253474071 , 0.329786745157420014
1237646792764753373 , 81.4755486768964943 , 0.0310454912831057001
1237646751430017904 , 75.0404415419745021 , 0.972075654246332022
1237646549587394859 , 76.8133934202821962 , 1.16206945423754004
1237646647836476991 , 76.8252801455267047 , 0.536377833017323002
1237646707955598180 , 78.0064497974778988 , 0.706522600419293045
1237646549589098960 , 80.5891149232980979 , 1.25619022349356002
1237646708492534584 , 78.2216903393436951 , 1.11313252178901001
1237646548514898408 , 79.5867669500543968 , 0.420682616359330019
1237646587173274173 , 80.8386555750387004 , 0.423508928825125974
1237646587173340501 , 81.0727148376834066 , 0.387562766430411987
1237646750895572296 , 80.4718831129310956 , 0.72697962150108697
1237646792764883390 , 81.8494757972152058 , 0.0015257828494646599
1237646750894522677 , 78.2038156517939029 , 0.599764868042005017
1237646707417875199 , 76.1136924727997979 , 0.145181399721295012
1237646707956122096 , 79.2570955763163028 , 0.554527803536200015
1237646549587525925 , 77.1125025486613964 , 1.28918335705859
1237646794375169556 , 81.1192247541626017 , 1.24981220368188994
1237646648374527384 , 79.5370356177839 , 1.00018478228822993
1237646749820060980 , 76.4423992133525019 , -0.146891539358376011
1237646648374264218 , 78.8887165784548046 , 0.971673969688872985
1237646586635420280 , 78.7211399266733025 , -0.0188292970713631012
1237646587171505795 , 76.8665357548629942 , 0.403472371235856997
1237646708493583010 , 80.6205464797971985 , 0.989806608956493972
1237646708493845104 , 81.1330012621647967 , 0.98713195792998798
1237646707956646554 , 80.4673814084596017 , 0.546128008044325042
1237646586636535589 , 81.2175509488772036 , 0.00715774416399661984
1237646794375562491 , 81.9669524470049993 , 1.24645979422800002
1237646587709818155 , 80.1788638156562001 , 0.804255541078248037
1237646750895833780 , 81.1218052629649975 , 0.711721984098667049
1237646549052555973 , 81.4317741963119062 , 0.882791150734708041
1237646749820256400 , 76.9417894126807056 , -0.116139622016704996
1237646793838102146 , 80.6375679294611984 , 0.989659389852751037
1237646750356209742 , 74.808283205262498 , 0.145998146797017003
1237646586634830524 , 77.2731214777048052 , -0.187564109712092003
1237646707957236085 , 81.816806515992397 , 0.561535133846554957
1237646587707982237 , 76.0103101103086942 , 0.782071843659141952
1237646547976913852 , 77.1196982164919973 , -0.105899730925470004
1237646547977241235 , 77.8779247681576976 , -0.00669852116739608986
1237646751431001302 , 77.2803273299546021 , 1.14037538811660011
1237646646763323553 , 78.1974933959671006 , -0.213674760181976009
1237646587707720518 , 75.3577511352782068 , 0.665334371292083948
1237646647300588732 , 79.1118709694374047 , 0.00433227428143898984
1237646751432376691 , 80.4626560090481036 , 1.10381972129127992
1237646549051966327 , 80.040226204188798 , 0.762828467252073983
1237646647838639744 , 81.7192058332008031 , 0.534865118228619041
1237646751432246188 , 80.0733011383920967 , 1.09798358317562994
1237646587709817471 , 80.180272751474007 , 0.747284884185140053
1237646586635223582 , 78.1834022885052065 , -0.00650069615775016041
1237646647835951654 , 75.7032859294910025 , 0.59836912064329395
1237646549051508067 , 79.0681728607071932 , 0.758510017904820977
1237646547977437822 , 78.2022850391605004 , 0.00117311609328716996
1237646708493648456 , 80.7217734939847986 , 1.09969769596448996
1237646750894130175 , 77.2244347972241059 , 0.657275170890665006
1237646750359093405 , 81.3930574507115949 , 0.324950224132726007
1237646750894392377 , 77.8925802058934948 , 0.709488409538504006
1237646794375168960 , 81.1122822201171942 , 1.42196375665297992
1237646793300968770 , 79.9708157634910037 , 0.556362180874030998
1237646708492010126 , 76.9756427769173968 , 0.949796707037913968
1237646549589557294 , 81.6797034199305045 , 1.21546952444882006
1237646648374920901 , 80.4557767082321931 , 0.86859345916948405
1237646707419972668 , 80.8880146253460026 , 0.211070285767803012
1237646794375431760 , 81.6293808736800059 , 1.39733593694831004
1237646587709423727 , 79.2096556436520984 , 0.732963664919650038
1237646751431197492 , 77.6669555935654046 , 1.14929466914873002
1237646793301755365 , 81.8639035960831052 , 0.574572216098489963
1237646548513456596 , 76.3189119231490025 , 0.326560464454628996
1237646794374578652 , 79.7000754498908037 , 1.41891498294799989
1237646647836147841 , 76.0914935681159932 , 0.430591286612619972
1237646549052228269 , 80.6043741483727985 , 0.827017415982322035
1237646647835755532 , 75.2613340619599995 , 0.605175493090586047
1237646706881201197 , 76.4915915568358002 , -0.209296924061781991
1237646792763704427 , 79.1118273376738017 , 0.00434231427301275986
1237646792764031894 , 79.8909428988122983 , 0.148190973407316989
1237646549587592179 , 77.2776086816507046 , 1.24128794371154005
1237646587707982365 , 75.926150416521196 , 0.661896146348866954
1237646647837851894 , 80.025975851993806 , 0.442726245443216981
1237646708492207331 , 77.4856443230050047 , 1.03527430659845998
1237646794374840419 , 80.2840182954237065 , 1.3826767041147201
1237646549589099908 , 80.730613837316497 , 1.16278319694216004
1237646793837250011 , 78.7173153203480069 , 0.923548381107032967
1237646548514505980 , 78.7414561883177981 , 0.297606748115517017
1237646750896030503 , 81.6394770288091962 , 0.61865147282979005
1237646707957236949 , 81.7191126034766029 , 0.534892143985522983
1237646587707851363 , 75.7230975909668018 , 0.682098794856474955
1237646646761947792 , 75.109256232830603 , -0.216516959240652007
1237646707418464358 , 77.394909815799096 , 0.149017031583102005
1237646587710342872 , 81.4092818394354936 , 0.795618732139530049
1237646647837262923 , 78.601958209318795 , 0.594743739972836027
1237646549588247084 , 78.7827961792382041 , 1.17630041728034995
1237646647836869739 , 77.7478753142053023 , 0.464079385984969006
1237646587171898927 , 77.7093417791777057 , 0.360849510279753982
1237646587172290622 , 78.5868756081574986 , 0.373740152715044016
1237646586635486025 , 78.8223316072033953 , -0.153483072914587987
1237646548515816517 , 81.6601820854391036 , 0.390149465713712007
1237646549050654880 , 77.0859248820685963 , 0.783369083274135014
1237646586636863207 , 81.9717801867968063 , -0.191249596645420988
1237646549588378484 , 79.0345651572170027 , 1.11396656361548008
1237646706882905023 , 80.4979170357855054 , -0.265651068770926979
1237646587709883066 , 80.3511837774920963 , 0.710178563104844951
1237646647299999353 , 77.8058748802998963 , 0.136853983481636993
1237646587172225976 , 78.4285989082141981 , 0.421940025005260011
1237646586634502819 , 76.6119676605234048 , -0.0492140816464494979
1237646648375182846 , 81.1013952603499035 , 0.975710187321572997
1237646587710079586 , 80.8199389958936933 , 0.804382125545267002
1237646794375431324 , 81.6067014579331982 , 1.37722729583211989
1237646794373661997 , 77.6237078977435004 , 1.41510511245744008
1237646586634699989 , 76.9462679305749049 , -0.118266608068164997
1237646749821568605 , 79.9443469396796047 , -0.178344339447826988
1237646750356997496 , 76.5922135969669995 , 0.199728664379858006
1237646647299015165 , 75.5281835706350932 , 0.166913354208804987
1237646549051310155 , 78.5179951504778018 , 0.859923850557344993
1237646648373215817 , 76.4737431524453939 , 0.97977700648750099
1237646587173209138 , 80.7038167543232987 , 0.292708765509401003
1237646750358242619 , 79.5421493863424018 , 0.289866083024820975
1237646792764359233 , 80.5834840118631064 , 0.159841273705537995
1237646708492075840 , 77.1506558150362025 , 1.02126029576297994
1237646706882052791 , 78.428760089509197 , -0.168045221605813005
1237646648375051334 , 80.7149027754871042 , 0.994648615504910016
1237646587171505585 , 76.9208175776322065 , 0.370699416880068022
1237646549588771368 , 79.9549383508352065 , 1.29765390040111006
1237646647838180205 , 80.7855995372806035 , 0.455468044732235011
1237646750894261305 , 77.5619120055190052 , 0.554375065388586052
1237646549051311418 , 78.534423423509395 , 0.756930367633922963
1237646587172882095 , 79.9678130270866063 , 0.283032812285239022
1237646707419120744 , 78.8681918241388047 , 0.254524363205010984
1237646647301178878 , 80.4450300369116036 , 0.180442895251411994
1237646751431263275 , 77.887070282605805 , 1.10248296339154006
1237646794374513802 , 79.5718441961893035 , 1.25507934420110989
1237646793838363296 , 81.2078327637618003 , 0.836120616509313019
1237646751431984436 , 79.531468628252 , 1.13318981128348995
1237646587172553970 , 79.2653956783479003 , 0.38574812517464302
1237646792763049156 , 77.6432244939013998 , 0.0324853975941502005
1237646793300575790 , 79.1791459704054006 , 0.448491971611358009
1237646708491223206 , 75.1151970877823061 , 0.991879664797606031
1237646750895112760 , 79.5052520115848012 , 0.545959227335747976
1237646587173667748 , 81.788084611130401 , 0.380988352390227991
1237646547976717372 , 76.6324529042994982 , -0.0828421696298692056
1237646549588639976 , 79.6140037505580977 , 1.22176244843564996
1237646646763782842 , 79.2262831187728978 , -0.210552951884402012
1237646587707982005 , 75.9867887650201936 , 0.814055575608041981
1237646648374985850 , 80.5423299009346039 , 1.03733689549468999
1237646549588574273 , 79.448583617179807 , 1.14621994856424991
1237646793300836984 , 79.7266352679221058 , 0.537439691614077009
1237646549587067338 , 76.0729661487620064 , 1.13124651483026994
1237646706881397279 , 77.0564317352592951 , -0.192941528452742012
1237646750894523333 , 78.1280949649633953 , 0.688606484918256045
1237646749820912477 , 78.4064811687775034 , -0.156439851936166996
1237646750895769210 , 81.0272571341899948 , 0.571645612281433957
1237646749822420225 , 81.9332932145262021 , -0.217157085465297994
1237646586634043638 , 75.5487306127485994 , -0.0827741444499995038
1237646751431000256 , 77.2143308035810065 , 1.00176686213315991
1237646750894457361 , 78.060726216101898 , 0.562504485590791026
1237646708491289270 , 75.3684824025284001 , 0.983275657792864966
1237646647301701662 , 81.5581705617228039 , 0.158513622653922992
1237646793301753964 , 81.746799420529797 , 0.421272766064401005
1237646547978224259 , 80.0684058412730053 , -0.0117792177295051002
1237646647300130039 , 78.0967845349486964 , 0.0938075178451366065
1237646548514767731 , 79.2762951726091956 , 0.354003087933776994
1237646586636010391 , 80.0093556079439026 , -0.0577739699125738998
1237646648374919266 , 80.415499654981204 , 1.0517228919885
1237646586636731076 , 81.6212475347270043 , -0.0442028326571863028
1237646749820388842 , 77.1748276034254985 , -0.185180154831409011
1237646647301047716 , 80.0674377297781064 , 0.0887470540314676953
1237646549052096594 , 80.3199802793390063 , 0.825740230098699013
1237646708492206209 , 77.4404316175120044 , 0.997900598964059027
1237646587171963332 , 77.8959151252798989 , 0.419012446805231975
1237646549588641022 , 79.670839014520098 , 1.19995479941252992
1237646750356406646 , 75.328271111014601 , 0.126104917434193997
1237646707419579639 , 79.9335523559387013 , 0.236630126327489004
1237646586634569040 , 76.7200966540169986 , -0.0796135423075692017
1237646586636339248 , 80.7511937689886992 , -0.100671152804942002
1237646708493451754 , 80.2795377647623951 , 1.11902832844392996
1237646750894261295 , 77.5596444595474992 , 0.721622929658297996
1237646587170719432 , 75.1366401746528965 , 0.287910003503988987
1237646706882904533 , 80.4258450508513931 , -0.146197494412155987
1237646587172552832 , 79.2192655610364938 , 0.258270596444164002
1237646646763913296 , 79.4969484590195066 , -0.266140738567257007
1237646587709947939 , 80.3880721290499025 , 0.819565121356574
1237646794375299990 , 81.4317022073536947 , 1.23537745304266999
1237646647837393703 , 78.9691812986168031 , 0.452234831652787994
1237646586633781506 , 74.9549657448583986 , -0.132831016349505004
1237646549586805781 , 75.4057340741468067 , 1.19585246364121001
1237646708492927634 , 79.0209706109668986 , 1.05988298678128001
1237646647836082667 , 75.8765400185918963 , 0.53619924956690701
1237646792764556758 , 81.0172768535421994 , 0.0816776802010650976
1237646708492665272 , 78.5415329669938984 , 1.02617554859891991
1237646792763245828 , 78.0451004678049998 , 0.146770395471014004
1237646587708573222 , 77.295363645713195 , 0.773933434889464977
1237646708492206196 , 77.4276521924060006 , 1.14013894165288998
1237646586635092118 , 77.8779463787019068 , -0.00670663975000313026
1237646549588771543 , 79.9808439711061965 , 1.16506049200514994
1237646708493124835 , 79.5550886356658964 , 1.05992265589179002
1237646586635879637 , 79.7525678855394062 , -0.108814539037940999
1237646647299670529 , 76.9989266557021068 , 0.166555048637512998
1237646708493714477 , 80.9389557282268015 , 1.03440521210429992
1237646794374644677 , 79.8053418626853954 , 1.42286392634498005
1237646549586674526 , 75.1854950840553045 , 1.22099062065526009
1237646793301296150 , 80.716116237316399 , 0.577593211063512024
1237646586636797889 , 81.7387493927886055 , -0.150611670296874001
1237646793838429444 , 81.3281517095513067 , 0.830007194232898038
1237646549051180117 , 78.3074069835942055 , 0.842328396776017008
1237646794374382255 , 79.3225573407270019 , 1.35795049717741989
1237646587707655339 , 75.2629176842155942 , 0.733360595108521029
1237646708492534434 , 78.1443258551602042 , 1.14660058866687997
1237646707956450374 , 80.033908916473905 , 0.710591461679341951
1237646794375234386 , 81.2585746028730966 , 1.31764604207608005
1237646750896161915 , 81.8159743721866022 , 0.635596717862839
1237646793838561087 , 81.6283057313080036 , 0.982108782112222967
1237646587707524498 , 74.8913720860540053 , 0.744561870696784034
1237646647299277235 , 76.1094021170571011 , 0.183003862166643994
1237646549051442505 , 78.798967275526806 , 0.799848824183739038
1237646587708965915 , 78.1280826886175959 , 0.688632838872398012
1237646751430476025 , 76.0984970147743951 , 1.12230141528519001
1237646751432443431 , 80.5414811147514058 , 0.99139824085705297
1237646793838297799 , 81.0513943998213051 , 0.942165041952140014
1237646708493190101 , 79.7317626549287013 , 0.97658508645331199
1237646587171569854 , 76.985190436192795 , 0.358975789368891018
1237646750895112582 , 79.564092266479804 , 0.56699928165213298
1237646707419776226 , 80.4450259594137975 , 0.180450256553976007
1237646750895441015 , 80.301052106545896 , 0.66001291490485603
1237646647301309911 , 80.7909426402566027 , 0.129616103529884008
1237646708494042428 , 81.6568840172060959 , 0.996359588419603037
1237646749819994314 , 76.3972141209032003 , -0.14040955866017199
1237646549588378075 , 79.0493150749755955 , 1.16040788283172991
1237646646762407326 , 76.1191563688544051 , -0.254299811815940024
1237646647300916287 , 79.8040840919044001 , 0.0606239727144691973
1237646547976913602 , 77.0112636598644968 , -0.152279044749029008
1237646549588115986 , 78.4283624782333959 , 1.15239121590394999
1237646549587788888 , 77.7392756695502953 , 1.18350594541464993
1237646547977502901 , 78.4380933697883052 , -0.0667132953890670066
1237646647835821349 , 75.4160931257329992 , 0.445703065651269992
1237646547976258313 , 75.6146359126723979 , -0.0898450404283487047
1237646586636862009 , 81.9090344356679054 , -0.0494140701594725992
1237646749822091755 , 81.0905266101441953 , -0.113405210627626998
1237646706883298520 , 81.3698663353950025 , -0.135525186338100012
1237646586633912999 , 75.2772228368384049 , -0.0283993343474864997
1237646751432836390 , 81.490654644543099 , 1.03375397959904003
1237646587171635847 , 77.2207684576782043 , 0.285692311406321009
1237646549588706320 , 79.8173928356127931 , 1.09898037491558997
1237646749822027167 , 80.9708213339285976 , -0.267768659018328026
1237646648375313083 , 81.3162098603397965 , 1.00841402391508006
1237646587173668585 , 81.8590406575722938 , 0.421927613097115017
1237646750895572113 , 80.5577989075299001 , 0.678919684219259967
1237646750895637984 , 80.682860323156504 , 0.685250018928877047
1237646587707588671 , 75.0461675635500995 , 0.660102531554116023
1237646749820388761 , 77.264327675193698 , -0.25394474146290702
1237646749820323256 , 77.0405394092687033 , -0.178906139562602012
1237646750358962729 , 81.1207844917975933 , 0.17649577603449601
1237646547978290049 , 80.1962848089730045 , -0.158808947947738005
1237646587707720856 , 75.3015212452067004 , 0.67308698169426695
1237646706881594344 , 77.3994342012330065 , -0.172634876013444988
1237646750893802270 , 76.452198041914599 , 0.736934734333990038
1237646549051441833 , 78.8324672059770961 , 0.767293688318286038
1237646793838233077 , 80.9729887243509978 , 0.820409689651992013
1237646586635748072 , 79.4440261108721018 , -0.174975965422058011
1237646792764294391 , 80.5139823251497972 , 0.174975373448623989
1237646586636403278 , 80.8958187333016951 , -0.0494983852194745
1237646587709490789 , 79.4502885783092978 , 0.687917352682522965
1237646750896162071 , 81.8638563071192067 , 0.574578745312966044
1237646586635618040 , 79.1397369717503949 , -0.0284437904491590988
1237646750893081876 , 74.8694126167431051 , 0.664891824262618947
1237646586636142397 , 80.2669445004010953 , -0.0849638514559920011
1237646708493190321 , 79.6901325994524967 , 0.957088604499406026
1237646707418596362 , 77.7560685355629033 , 0.272394481712350978
1237646586635420639 , 78.6324288626538959 , -0.0427388978084098023
1237646549050327963 , 76.391099249420904 , 0.702330339530105041
1237646587173732579 , 81.9215701208256064 , 0.422786792213006024
1237646707957040577 , 81.3900514104299049 , 0.579142615884454037
1237646646761947571 , 75.0129467431715966 , -0.236557110988892011
1237646794375496473 , 81.8578113633729032 , 1.32967625596687
1237646792763704285 , 79.0661359314274961 , 0.0644551997942987981
1237646586634437366 , 76.3457761149579994 , -0.0672573782001238962
1237646750356341233 , 75.1589108765008973 , 0.274501217636803019
1237646586636206603 , 80.4432355146852984 , -0.00417733321443024969
1237646751432376566 , 80.4200466311364011 , 1.04878889584087998
1237646751431460053 , 78.2247490215881953 , 1.13841910061466001
1237646794373858446 , 78.0186843004054964 , 1.30183723751298008
1237646647298949692 , 75.3419734905519931 , 0.182963073178456004
1237646648375444388 , 81.6880780979506937 , 0.850755529269908051
1237646547978158514 , 79.8911782363339995 , -0.0283885617854034988
1237646750358963474 , 81.1622968483839031 , 0.129054341500186992
1237646793301361285 , 80.8971145314687021 , 0.57806001948807495
1237646647301308549 , 80.6752475781694045 , 0.142885266089176011
1237646647299080586 , 75.6633301230765056 , 0.136464386501150003
