1237646587713226050 , 87.8768953102229062 , 0.691684190048155956
1237646551172579616 , 89.30973343462 , -0.838016660057844032
1237646793302016533 , 82.3504666443567999 , 0.558703815707052964
1237649742874281154 , 91.2979517185985969 , 0.328321745387236019
1237646791695599508 , 91.9255576918824033 , -0.825673847677591
1237646552247632758 , 92.2077956710840994 , -0.127427470828943012
1237646751436244095 , 89.2137996592688012 , 1.13823075136544993
1237646750897143964 , 84.1830363917949995 , 0.638886314444118031
1237646706884805852 , 84.6994147390829966 , -0.158360180058459005
1237646792228013629 , 81.7482521082960005 , -0.342739660401666979
1237646749288564115 , 88.8146742074518016 , -0.647458613758989054
1237646708497646667 , 89.9118391955744016 , 1.01066463156427
1237646793843018169 , 91.8141913850766969 , 0.889649765488633948
1237649743411217613 , 91.5163666279130013 , 0.549315501715730958
1237646549052032224 , 80.1416671835126948 , 0.753520846857042015
1237646587176158865 , 87.4544633151354986 , 0.263995480152312001
1237646586101235753 , 84.744139240302502 , -0.532294493944527991
1237646705814013048 , 91.4407131818588965 , -0.975416591652395026
1237646707425412589 , 93.2726113201271971 , 0.18963150225203701
1237646706349638735 , 88.6483801409627006 , -0.531280312691523982
1237646792769799756 , 93.0411136054155037 , 0.0256950024610978003
1237646647839491310 , 83.7461838846700033 , 0.46224855798273401
1237646707960841141 , 90.075743047403094 , 0.619230979515743019
1237646585563382190 , 82.6160518985955008 , -0.852785533054403966
1237646587176878464 , 89.1962118584762038 , 0.397019897958961976
1237646587712374368 , 85.9884439646586003 , 0.713540236335376998
1237646706883363530 , 81.4597633148866009 , -0.265446717906108021
1237646587712701134 , 86.7089370942235007 , 0.78185837229300903
1237649742875395811 , 93.6610891470235032 , -0.353696909847434016
1237646707424362897 , 90.849358594409594 , 0.306056061751021014
1237646549588836790 , 80.0798952361001 , 1.24172940481363003
1237646586636797889 , 81.7387493927886055 , -0.150611670296874001
1237646792768292475 , 89.546870368865001 , 0.123946135882305006
1237646792228668228 , 83.3219777922934952 , -0.363069768379717994
1237649742875394392 , 93.7642074045985936 , -0.414229092493265005
1237646706887690121 , 91.3869338023895068 , -0.137493122188689004
1237646586103596556 , 90.1359212510965051 , -0.471113311071978014
1237646793840066922 , 85.1580437502344978 , 0.870612539727790957
1237646793843147271 , 92.1490461714042937 , 0.806825387343677036
1237646708495876981 , 85.7673874484193988 , 1.0493566937180101
1237646707961628811 , 91.7364604347977064 , 0.659081260397026969
1237646708493190101 , 79.7317626549287013 , 0.97658508645331199
1237646749825238234 , 88.3421020786782947 , -0.255285779112229994
1237646586102745103 , 88.2263764875774967 , -0.486562758994289024
1237646705812833280 , 88.7967566082684954 , -1.02528757963631989
1237646791692517769 , 84.8839634235693978 , -0.81530880701930597
1237646553857852946 , 91.3664788404372956 , 1.20345146376500001
1237646708496466235 , 87.2279242367396961 , 0.982418284681552012
1237646551709779341 , 90.0412473787988006 , -0.554206062719340031
1237646586636469786 , 81.0969042312080006 , -0.149400770389182008
1237646553857458849 , 90.4870892446048032 , 1.28181978372506
1237646646765879515 , 83.9811374282697045 , -0.303824721157788025
1237649742873362990 , 89.2063803906066966 , 0.720365042893083007
1237646751436244133 , 89.2330062411150067 , 1.13983004558191992
1237646586638238088 , 85.0222437251440937 , -0.059361497813859597
1237646750897538207 , 85.0147152628415057 , 0.697637690620385054
1237646708498892546 , 92.7302891362363937 , 1.01096066058933998
1237646553855689177 , 86.3831310966101 , 1.23516411354935007
1237646646228353274 , 82.5665640821625004 , -0.706735705718456009
1237646585562924335 , 81.502267319023602 , -1.02421757086254006
1237649742875003311 , 92.7976803957137975 , -0.235124541684015004
1237646793305096225 , 89.3918342161728958 , 0.483825426643859025
1237649742336164975 , 88.3435599569912995 , 0.509568809739881945
1237646552246583526 , 89.8878674518039986 , 0.00290442882257451991
1237646706345772088 , 79.8721476886493065 , -0.57596271930060905
1237646708498171341 , 91.0694802455258952 , 1.09293329934507
1237649743410955837 , 90.9141868901376995 , 0.809089834130784946
1237649742874476614 , 91.6488666581100944 , 0.243898022010776011
1237649742338654598 , 93.8807596801486994 , -0.888412727823989945
1237646750897996020 , 86.0543949462650062 , 0.715875673312591054
1237646705811456407 , 85.6853567875156017 , -0.987648666080467974
1237646549589034312 , 80.5170979225596 , 1.19122987697922
1237649742874804913 , 92.4820601697884968 , 0.0198472420788907006
1237646587176944429 , 89.3190371414719948 , 0.326315094949092999
1237646791693500982 , 87.2168694286603028 , -0.723172289824202008
1237646551173759264 , 91.974431568308006 , -0.83577449344766197
1237646750362698765 , 89.6301336159106938 , 0.172959140976946008
1237646647302620277 , 83.7435507361374931 , 0.069707067627200095
1237646553856017425 , 87.2206528816614934 , 1.23753010278344999
1237649743948285505 , 92.091909456193406 , 0.952921208699271993
1237646586636862418 , 81.9428691093401937 , -0.175154463332115012
1237646553857720322 , 90.9750647515746067 , 1.12080013549312008
1237646707962479843 , 93.6747730830039984 , 0.662464710795752976
1237646646228877802 , 83.6744506029281041 , -0.800954843441101016
1237646748752216275 , 89.9938900157663966 , -0.971214720698651002
1237646646767781242 , 88.438491339857606 , -0.219862489139634992
1237649742337542184 , 91.4208150630272058 , -0.295003446149635973
1237646749288760382 , 89.286959521640398 , -0.672882720360229003
1237646749821896070 , 80.6717964470918929 , -0.254930340225997976
1237646705808900499 , 79.8410272763439934 , -0.979802622428246006
1237646706886115446 , 87.714099365059397 , -0.131250060430630006
1237646587172947604 , 80.1890017257811962 , 0.22697489952328001
1237646791695467497 , 91.6714817755213005 , -0.87613119191135902
1237646547441942569 , 81.3671901813133047 , -0.436148558848655998
1237646551172777293 , 89.6646632412415983 , -0.791233505150465977
1237646751434276954 , 84.7173304934714935 , 0.986528925272410984
1237646791696451028 , 93.926598760520605 , -0.870162744133371024
1237646792765866034 , 83.9980547674681048 , 0.0774466285383629965
1237646792767963466 , 88.7866393646325065 , 0.0196689902088421006
1237646793305753961 , 90.9074346968712064 , 0.48063115848822402
1237646792233059128 , 93.3782178516443935 , -0.314916420930881014
1237646587177928005 , 91.5015644834129063 , 0.341014432600036999
1237646552245928564 , 88.2787817351288027 , -0.110334547505130998
1237646549589557294 , 81.6797034199305045 , 1.21546952444882006
1237646792232273766 , 91.4962753284829944 , -0.323829955762155008
1237646705814470766 , 92.5105032306775001 , -1.0111879198732201
1237646792765735206 , 83.7437401874395988 , 0.106459042916731
1237646707422593253 , 86.9301693492475067 , 0.209841602638136004
1237646705813553392 , 90.4916992261897946 , -1.03554606961346995
1237646588251211199 , 90.5376150539792945 , 1.2177324284023201
1237646586638108240 , 84.7531761534805952 , -0.199786024363711012
1237646705814471664 , 92.5456615657781043 , -0.96601615299696697
1237646708498956692 , 92.8559792734902061 , 1.14471137297132008
1237646705814798429 , 93.2351314439220005 , -0.979091082321217998
1237649742337606306 , 91.5333780951257978 , -0.174063656744808004
1237646793837642471 , 79.6207482521853933 , 0.869232050698331982
1237646707423314426 , 88.4952827791179999 , 0.143650297545888012
1237646647839425821 , 83.649857609421602 , 0.457514777787498994
1237646585563775685 , 83.4433618026327935 , -0.832045478188625953
1237646547978683287 , 81.0784933031419968 , -0.0664993849525981062
1237646705814538357 , 92.6520596490106954 , -1.14523863951448002
1237646792770063756 , 93.6186061607285041 , 0.153465739366199005
1237646749825302630 , 88.4935829008823021 , -0.212830579998093988
1237646791690355508 , 79.9918322276960936 , -0.776460938583361959
1237646793839804712 , 84.526037908605403 , 0.85577204383016503
1237646749825369147 , 88.5939472318955978 , -0.159837137103983007
1237646547442139627 , 81.843996356757799 , -0.557256945342025967
1237649742875132724 , 93.0631341439916042 , -0.232176183468803005
1237646705813160558 , 89.492192556766895 , -1.06119156976293993
1237646553321309839 , 92.1397636493526022 , 0.740171670997940012
1237646551709189036 , 88.6442358748997066 , -0.507269169150888044
1237649742335771581 , 87.5395691256873931 , 0.801959630811967972
1237649743949007282 , 93.5805069958827005 , 0.467192855989558009
1237646586639483342 , 87.9203877696437957 , -0.0575943417749592984
1237646793301361716 , 80.8526374819443987 , 0.530419901069745015
1237646648378132005 , 87.7779004020012934 , 0.922246770956957951
1237649742872708044 , 87.7025653569814949 , 1.11133080736517997
1237646587177927105 , 91.5069682238210049 , 0.364728895376319973
1237646750898848835 , 88.0437430361566982 , 0.561134612627627982
1237646553857787057 , 91.1532740624419944 , 1.11232940408465009
1237649743410692557 , 90.3323504950799929 , 0.980631638204793044
1237646551709845006 , 90.2080813460658959 , -0.495404513706738991
1237646749822616114 , 82.3003006465443008 , -0.226256004447812992
1237646750897079409 , 84.054618727336802 , 0.696183306536260038
1237649742336295658 , 88.7039157563641965 , 0.454281847196775002
1237646750360798502 , 85.2667984200847968 , 0.166343732509268011
1237646645690433635 , 80.0985686019065071 , -1.16543969269579994
1237646707421348038 , 83.9635784736014017 , 0.257111880366220014
1237646586640139086 , 89.4220790205036025 , -0.0443477831112401022
1237646587175110385 , 85.065423389017198 , 0.323489795671869973
1237646793839870247 , 84.7174714603861929 , 0.986485890437587054
1237646792230502978 , 87.5018979073723955 , -0.302486802943179978
1237646586102744871 , 88.221735822452402 , -0.611904925876354033
1237646793306277764 , 92.1843451390934945 , 0.415387352040899993
1237646707961825231 , 92.1987394695275952 , 0.555836549066094032
1237646647841916033 , 89.1976261960709991 , 0.627842365818757964
1237646706888737395 , 93.7978799050554954 , -0.217959722977231013
1237646586099992254 , 81.9066482195190986 , -0.423552938446031979
1237646551709385304 , 89.1281157430136943 , -0.442419338574113974
1237646706888148579 , 92.4119869948776937 , -0.303174930941323972
1237646646228092256 , 81.970045756126197 , -0.701809440784820993
1237646587714800654 , 91.535472580974897 , 0.737503073648012042
1237646587713487096 , 88.5494996726663004 , 0.835139507905872991
1237649743412004018 , 93.2461368366113987 , 0.221442448609578013
1237646708493386141 , 80.1997310182790955 , 1.07565102932527989
1237649743412137055 , 93.5193317466956984 , 0.0954252863352162972
1237646707959332992 , 86.5280171532988049 , 0.60284381716405
1237646705814734695 , 93.0859150744374944 , -1.13172063836937009
1237646647840735387 , 86.4973548120185995 , 0.540833097815610953
1237646707425413032 , 93.3393699359512965 , 0.12990001403756099
1237646587713356946 , 88.2051050532727032 , 0.733121479297560996
1237646707421741920 , 84.9259906692408038 , 0.162772833400528005
1237646646766076643 , 84.4724282398804007 , -0.399996227416408001
1237646707420956146 , 83.0644627937803932 , 0.255469170108669985
1237649744485287744 , 92.4465170022611034 , 1.11980682509481011
1237649744485681497 , 93.2979612360151975 , 1.09800411574278001
1237646706884674303 , 84.4131201788396055 , -0.309439544599279026
1237646587173011747 , 80.3337509567797952 , 0.231021814968046996
1237646792769997238 , 93.4274824861195015 , 0.0477443423645637008
1237646547441353756 , 80.059804746794498 , -0.483149658708472984
1237646648376034360 , 82.9824909047913053 , 0.940879640965371022
1237649743411284562 , 91.6259733686188014 , 0.505557620585832979
1237646791695729921 , 92.3003505301275027 , -0.834315898648234966
1237646706351211270 , 92.1992022855980053 , -0.645353791688066947
1237646705811194463 , 85.0596914193991012 , -0.963447680886549973
1237646553857262522 , 90.0427882093434988 , 1.24608585091965995
1237646791696319394 , 93.5754219229075943 , -0.791033207283114992
1237646647302620317 , 83.7696868552041991 , 0.0930468248752136934
1237646586099795490 , 81.4602336878381976 , -0.476194573197264992
1237646791695009193 , 90.6069161454807954 , -0.77881152265300202
1237649742335968337 , 88.0361927731013054 , 0.682490807643913011
1237649744485875892 , 93.7080610208438003 , 0.937861704835469046
1237646791696318701 , 93.5894876932145934 , -0.701470644565406976
1237646552782537204 , 87.7645386467919053 , 0.450102162858753985
1237646792227816288 , 81.4095376122586032 , -0.35652318493594698
1237646647840866918 , 86.9309350408253039 , 0.559813710103179041
1237646587176420686 , 88.0080482610914032 , 0.359422517919105011
1237646705814275998 , 92.104247943094407 , -1.10640772660407993
1237646749825566136 , 89.053406111941996 , -0.0913739505865689972
1237646792764294697 , 80.4371385766872038 , 0.128908106639180009
1237646549589164285 , 80.8152600181898038 , 1.23792528198493001
1237646587713751055 , 89.0660516595611966 , 0.762195613524929039
1237646793843542239 , 93.0112926690723043 , 0.938328598053804974
1237646647302554476 , 83.6257900845725999 , 0.188247848672921991
1237649742873166249 , 88.7693295531428959 , 0.835188279732274053
1237646646228549796 , 83.0476324944769004 , -0.634350360340032005
1237646792227292183 , 80.1817800206600992 , -0.363075411978605989
1237649742338655064 , 93.9618215677449058 , -0.818961187142267955
1237646748748612324 , 81.6792263015064037 , -0.936574651166293015
1237646586636732138 , 81.6460205929653 , -0.131781433373645007
1237646750896489420 , 82.6054881871116038 , 0.559953937338912966
1237646648376492669 , 84.0161583235752971 , 0.897382191048412992
1237646647301768921 , 81.788539606083404 , 0.033991090074884503
1237646749285811421 , 82.5459764263894016 , -0.640392781851667037
1237646793306213247 , 92.0258293356512951 , 0.447795163517949013
1237646552246518733 , 89.7670916556134983 , -0.0865052978864315064
1237649743412136569 , 93.562290882721399 , 0.0682982241473899937
1237646708498105511 , 90.8494132347268959 , 1.0054390547454799
1237646551711549388 , 93.976060763726494 , -0.56649650744609803
1237646792232995396 , 93.2379207770214009 , -0.25627387345715702
1237646646765551727 , 83.2731297019673065 , -0.261175462499359023
1237646706351604907 , 93.205618954723704 , -0.58323440402682003
1237646791692453587 , 84.8104814946367043 , -0.791337557907735967
1237646553856737795 , 88.7481001821636966 , 1.26633204958348
1237646793302672338 , 83.8481832241511995 , 0.439761544231332013
1237646708493648456 , 80.7217734939847986 , 1.09969769596448996
1237646586636665880 , 81.4428247363904063 , -0.0692002553781276009
1237646553857984201 , 91.6231007205342962 , 1.21440430768045005
1237649744485222559 , 92.2397727912914007 , 1.18710595776669003
1237646585565610763 , 87.5988760454285966 , -0.906127265080716948
1237646794375431802 , 81.674982937937699 , 1.26455311076157995
1237646792767504999 , 87.8028465174369046 , 0.120223273168775999
1237646587713947714 , 89.5817499264018977 , 0.783986053632906965
1237646707420169006 , 81.3469084533999052 , 0.287273594014748002
1237646647303799676 , 86.4622497444273961 , 0.0336624244919618981
1237646792765931632 , 84.1566828179046951 , 0.139617265541567004
1237649743949137807 , 93.9820348290358965 , 0.390103618794806983
1237646791694221359 , 88.8158598699594961 , -0.766849535394512949
1237646793843540169 , 92.9680985885551934 , 0.975805533159535998
1237646587711522129 , 84.0537815781930959 , 0.843700701574695011
1237646645693907714 , 88.1378372864276969 , -1.11602791691425995
1237646647304585563 , 88.1743657183195069 , 0.0986432122045443061
1237646750362371490 , 88.993786128006704 , 0.185656883710131004
1237646586103072303 , 88.9749318917244949 , -0.477585959784695979
1237646792765408458 , 83.0478892912014004 , 0.164270143605717012
1237646647304455478 , 87.9698449216298002 , 0.089346063776756704
1237646646766600672 , 85.6264629926942007 , -0.307823726973658007
1237646751434671159 , 85.5615390054126976 , 1.16471169257662011
1237646791695401748 , 91.4795271227045959 , -0.867364405290880991
1237646552782800327 , 88.2942973181991988 , 0.349863620118253005
1237646707959071944 , 85.988465147073498 , 0.71350213566339804
1237646586641056867 , 91.5126333998526036 , -0.160025949618947005
1237646749823730705 , 84.8788246308632068 , -0.254427113848134989
1237646548515488404 , 80.9268583713315053 , 0.323671470280898987
1237646586638893538 , 86.6281261590334992 , -0.0729267493262128058
1237646647301637682 , 81.4893269635002042 , 0.0493106778073979998
1237646552782668803 , 88.0424944594500971 , 0.258398598013242997
1237646792233060378 , 93.4009164472040965 , -0.396185164702740011
1237649743412267503 , 93.8228737729944982 , 0.0477051862695350992
1237646793306473002 , 92.5934366229987944 , 0.52780980742871797
1237646647304455687 , 87.9148474270797067 , 0.0190839458574163998
1237646647304585460 , 88.2876273535016054 , 0.186125373908384989
1237646793838954069 , 82.5872534876335038 , 0.813844305867632012
1237646645690696715 , 80.7641434222525021 , -1.19700992842378007
1237646749288433021 , 88.495596430247204 , -0.698691785024038947
1237649743948939639 , 93.4806383244986989 , 0.568690502657773989
1237646707425282414 , 93.0402729693041977 , 0.146246875204657012
1237649742338459867 , 93.4634658687028974 , -0.824156808239320027
1237646587174256998 , 83.2104729352290065 , 0.270090614031991028
1237646793838166563 , 80.7044585899539015 , 0.806176184170223964
1237646647304520653 , 88.0487572155735023 , 0.0159630179494500007
1237646588251407093 , 90.8846606918146023 , 1.1189662206617399
1237646707425673394 , 93.8459544603757934 , 0.227632579102304999
1237646794377659929 , 86.6766181561048938 , 1.22715243383713002
1237649742874214544 , 91.1117568242396061 , 0.348687669658039989
1237646553321242786 , 91.8937552984201034 , 0.809968311442854971
1237646793839281361 , 83.2580547603694043 , 0.842099182810632008
1237646793841770869 , 88.9634373968645065 , 0.926032629636041049
1237646707420169347 , 81.2497925168981965 , 0.295155080723493002
1237646706888475125 , 93.1943967344909936 , -0.22830426671906201
1237646749288563682 , 88.7132053208570994 , -0.630494808294337017
1237646792232536706 , 92.1061113482384997 , -0.327866617757695988
1237646586103662187 , 90.2850726979165046 , -0.454850034487622013
1237649743948023286 , 91.5446275521884019 , 1.06271154373636989
1237646749287253102 , 85.8371914586720948 , -0.672939985707756039
1237646751432574348 , 80.9143093088690932 , 0.980253643391514995
1237649742335116411 , 86.1277795814415015 , 1.26215911273529002
1237646706884477270 , 83.9500090788848041 , -0.15092259576199199
1237646706350227626 , 90.0217620966172944 , -0.549229885462351963
1237646551174612645 , 93.8528529241017964 , -0.811867135066927981
1237646749284697353 , 79.8685263212211964 , -0.666326064521549966
1237646646229008654 , 84.0171160211031065 , -0.662624342654325016
1237646707957105498 , 81.4175692210213953 , 0.628983625148056946
1237649743410627507 , 90.1389165245894048 , 1.00410377824738006
1237646708498368133 , 91.5244439696422063 , 1.13571405715507989
1237646553856803105 , 88.9038806290850943 , 1.11184193052600011
1237646707420889537 , 82.9662058642634008 , 0.145631199512584991
1237646553858836208 , 93.5564576952810967 , 1.25703403271568992
1237646586102874998 , 88.4579441761380991 , -0.500125062647071017
1237646706885788567 , 87.0480417309140933 , -0.195195576088702999
1237646706887951713 , 92.0077972862067952 , -0.30891148619796599
