1237646707957695557 , 82.8590663170995043 , 0.729277306583230978
1237646553320457407 , 90.135455640868301 , 0.851490296904276023
1237649742337475901 , 91.3117404957798016 , -0.312505634735720017
1237646587713880697 , 89.4390777578067002 , 0.685525813802564055
1237646793838757809 , 82.119050398260697 , 0.993799206910626953
1237646792229127057 , 84.3523895816577038 , -0.36524045657485299
1237646707960776214 , 89.8725196705453016 , 0.65318215048625905
1237646791692124878 , 84.0922985652937029 , -0.737383427248953005
1237646749285811461 , 82.4229127566725026 , -0.61432108077345704
1237649742871396583 , 84.8882744652748045 , 1.85328677648081008
1237649743410823812 , 90.611852251676595 , 0.774459048739897016
1237646706882905023 , 80.4979170357855054 , -0.265651068770926979
1237649742338591170 , 93.6781064230456053 , -0.837230914086915967
1237649745022157319 , 92.5706605841899943 , 1.61826870228903008
1237646553321242786 , 91.8937552984201034 , 0.809968311442854971
1237646793841837233 , 89.1278127899482939 , 1.01133286593974003
1237646647840604222 , 86.2053502915087932 , 0.591513078032878004
1237646549588706320 , 79.8173928356127931 , 1.09898037491558997
1237646586099598342 , 80.9748031126252954 , -0.585222379645291002
1237649743410561083 , 90.015654857320996 , 1.05751058298533995
1237646552246125634 , 88.8200651773279048 , 0.00699027213070220043
1237646751434343739 , 84.9454350184099951 , 1.11296683839257993
1237646553858901386 , 93.7980642815596042 , 1.12975993014923004
1237646587173339795 , 81.0143802951628942 , 0.333906689737281992
1237646587711586864 , 84.1364577166925045 , 0.679116192149784026
1237646587714142416 , 89.9941204138778943 , 0.736730723167372981
1237646792767767332 , 88.3585469272683071 , 0.0508248308794580009
1237646587711652831 , 84.3949337401381001 , 0.676496612482645032
1237649742874870528 , 92.6058860835149034 , -0.165777838471739991
1237646707957498257 , 82.346584417504701 , 0.570819732495665977
1237646706351670272 , 93.2984295464590048 , -0.718902264979436989
1237649742871724451 , 85.6409061038041983 , 1.6425181844371699
1237646647305176671 , 89.5561567081974061 , 0.137981219696838991
1237646585562595993 , 80.7872604834738013 , -0.918187916238814017
1237646553857458849 , 90.4870892446048032 , 1.28181978372506
1237646706351801365 , 93.6010513782350984 , -0.657099031006711964
1237646793843343943 , 92.6005965073257045 , 0.884269723083477954
1237646750362502778 , 89.1586628831088035 , 0.156134156056459
1237646750360208644 , 84.0341932757049932 , 0.252376379495999004
1237646586101498962 , 85.3206978060151044 , -0.534288237802495014
1237646794375497424 , 81.8314032860213985 , 1.4039940850228001
1237646551709712584 , 89.8439681126859995 , -0.404785929101344977
1237646647838901353 , 82.3068674538348972 , 0.578024554448393957
1237646647302751432 , 84.0275745374958944 , 0.086784701569430106
1237646749823993068 , 85.4773061921675037 , -0.0806908626939144002
1237649742337542184 , 91.4208150630272058 , -0.295003446149635973
1237646708495418449 , 84.773356791090194 , 0.993701018005629044
1237646552246911353 , 90.5510369182126027 , -0.148497249940075987
1237646549588968562 , 80.3214468508309949 , 1.23673320503195994
1237646586638108344 , 84.8079194933645937 , -0.0425424761640282034
1237646707960513631 , 89.2898611962978066 , 0.70696204762619097
1237646751432180633 , 79.9126269016792037 , 1.03233284407304993
1237646791695469113 , 91.7040653835585005 , -0.825862159023986964
1237646706350687612 , 91.0325438478507039 , -0.704973091172454991
1237646551709909748 , 90.225155980309296 , -0.449712134359724014
1237646794375825254 , 82.6031627859012048 , 1.29269254835524006
1237646588251538310 , 91.1845986761575062 , 1.14618997332464989
1237646707962349887 , 93.4065191595556001 , 0.591904522392248
1237649744483647584 , 88.8108455063654958 , 2.21348008714977018
1237646586638107041 , 84.8322234722950981 , -0.104175061903547
1237646585566004546 , 88.5567928788935035 , -0.882489743121905978
1237646707423773803 , 89.630131016335298 , 0.172963588281729003
1237649743408398664 , 85.3566423622361015 , 2.27169236999954016
1237646793843871091 , 93.8433071204673013 , 0.985770731968803049
1237646793306931846 , 93.6302255955731937 , 0.398462279366773975
1237649744484894424 , 91.5240833862748957 , 1.54904629096500002
1237646647840604231 , 86.2364775850683003 , 0.562144506068292027
1237646587174389443 , 83.4068604472852968 , 0.337268975286216022
1237646586639614731 , 88.1576111049125046 , -0.0448626354433779018
1237646707423708254 , 89.4367194409638984 , 0.303541509072037974
1237646749286072981 , 83.0556271117318943 , -0.589484825376240029
1237649742872445373 , 87.2540455920457987 , 1.27314618533719992
1237646793840722422 , 86.6224216221607008 , 0.83009980940114203
1237646792230174906 , 86.7797229475995948 , -0.420709797631343974
1237646794378052989 , 87.6439212781316002 , 1.28683163326054006
1237646793306671471 , 92.987782164638503 , 0.427240300936071016
1237646750361911570 , 87.8103896747409038 , 0.170062063886350007
1237646706884805444 , 84.6954645640855972 , -0.133495822328343006
1237649743411216640 , 91.4584731768876935 , 0.515474287259673036
1237646792770061304 , 93.6814792241886067 , -0.0151280461153897993
1237646707425477989 , 93.4950206088416991 , 0.116279252997331994
1237646793843607610 , 93.2103682971085021 , 0.924057918644417997
1237646586640271159 , 89.7481112295219958 , -0.0572724747605452
1237646793302869701 , 84.3808295955049061 , 0.458427216078443001
1237646792767439922 , 87.6489742312248978 , -0.0143737128406296998
1237646646768240425 , 89.3407123855545962 , -0.307581202587040026
1237646586099992254 , 81.9066482195190986 , -0.423552938446031979
1237646647838901474 , 82.3421077602758942 , 0.463760450461420004
1237646587174782465 , 84.3400099433925021 , 0.292171330657864992
1237646551172252519 , 88.5104429334317047 , -0.894528624917731996
1237646750896489420 , 82.6054881871116038 , 0.559953937338912966
1237649743410627507 , 90.1389165245894048 , 1.00410377824738006
1237649742870806885 , 83.5166519890000956 , 2.29703355946094989
1237646794380544360 , 93.377076096342094 , 1.32198201603564991
1237646585562268799 , 79.9908192537788949 , -0.92898439641247299
1237646587712505303 , 86.3120887811654001 , 0.640271906340229013
1237646706347475495 , 83.7283922778460976 , -0.598776050102525992
1237646706888410733 , 92.9871249453148039 , -0.270817080290741974
1237646749288629078 , 88.9893283600789999 , -0.706848994288070021
1237649742874870778 , 92.5245303739545051 , -0.0413191001361825003
1237646706884805793 , 84.7953082830481009 , -0.217963396029594997
1237646587713356021 , 88.2885098780287052 , 0.686578884717252036
1237646707961956518 , 92.5925955831081069 , 0.586231509887298996
1237646552782537204 , 87.7645386467919053 , 0.450102162858753985
1237646586637320215 , 83.0387887437872934 , -0.194350795803864995
1237646707961563375 , 91.6238020114519998 , 0.635046953687950055
1237649743947629827 , 90.5513254963755969 , 1.27814325286063002
1237646548515488404 , 80.9268583713315053 , 0.323671470280898987
1237646587710146133 , 80.9672591772937977 , 0.645068813035576949
1237646793842952216 , 91.6835416358123041 , 0.876291415374744975
1237646551710564911 , 91.744512216390703 , -0.535198005727731019
1237646749824188469 , 85.8868756043844002 , -0.249302743286450995
1237646587173144446 , 80.5676479457346062 , 0.288239763630220025
1237646750898914053 , 88.2245539148913025 , 0.646524318080282989
1237646586102612867 , 87.8762554974725987 , -0.60268902483005804
1237649742872772816 , 87.9950370864064979 , 1.18925237085027002
1237646587172881490 , 79.9780619930865981 , 0.323958329540544987
1237646793305753961 , 90.9074346968712064 , 0.48063115848822402
1237649743947432611 , 90.1547044293029955 , 1.41858746476569997
1237646793839870247 , 84.7174714603861929 , 0.986485890437587054
1237646647840014879 , 84.8499714963096068 , 0.444014633850050022
1237646646766207259 , 84.8130349914308965 , -0.260388014643015975
1237649742873821499 , 90.1862371814563062 , 0.565283990684777971
1237646793305294136 , 89.8496752354251953 , 0.415676735896836014
1237646706350358766 , 90.312335736978099 , -0.693312833348682989
1237646794378117210 , 87.8468850115436055 , 1.42577614249412998
1237646749823926670 , 85.3882874875923932 , -0.264926965095519995
1237646587176288507 , 87.8069371662962936 , 0.368916714630712017
1237646587173996446 , 82.5293599515313048 , 0.329414999608401982
1237646551710107013 , 90.7252816474555033 , -0.541674318437380009
1237646792227946878 , 81.7187524788161994 , -0.41947102378047002
1237646792764818813 , 81.7236213798701954 , 0.0661702539496931974
1237646586637846306 , 84.1301247512271004 , -0.094753113499178504
1237649742336689222 , 89.6283163687964048 , 0.33506095483381898
1237646751436112483 , 88.8600043750702042 , 0.980114151445690029
1237646706888017488 , 92.0525844596640042 , -0.298073259145890002
1237646586637058988 , 82.3254857786195942 , -0.192842408168418994
1237646647303669277 , 86.1544642363276978 , 0.102330907457092002
1237646792227292498 , 80.1859643713322043 , -0.314642945536761975
1237646586101433542 , 85.2154730091106956 , -0.593756774776628027
1237646647301308549 , 80.6752475781694045 , 0.142885266089176011
1237646792231747798 , 90.3633931340358032 , -0.322783790639771972
1237646792765407825 , 83.0699784651933015 , -0.0057830681600418701
1237649742338130149 , 92.6717516713218004 , -0.668653344176685982
1237646792232993085 , 93.1538596802367067 , -0.315143001568682024
1237646553320195427 , 89.5645498124253976 , 0.847235329265405013
1237646586641055771 , 91.4546481703160055 , -0.182003395771759002
1237646708498499294 , 91.8127091683475953 , 1.13017153357521005
1237646706348720278 , 86.5409211810804067 , -0.705596596739730963
1237646708495811281 , 85.7284928313436012 , 0.998668385042995044
1237646792232994276 , 93.2099400666830036 , -0.392573433917565995
1237646648375117241 , 80.8566840392232962 , 1.02240764728549993
1237646646231565740 , 89.8316615097650981 , -0.770322803565698044
1237646706351343119 , 92.4933334101185949 , -0.713600581883499951
1237646586103202767 , 89.3223496100927008 , -0.424018243326579003
1237646708493649018 , 80.6740556406152933 , 1.02063702830021996
1237649744485747477 , 93.5089488643734938 , 1.04582241275876009
1237646792232011042 , 90.9159283958353939 , -0.451837310994879005
1237646587709817471 , 80.180272751474007 , 0.747284884185140053
1237646708498827687 , 92.5956082400439016 , 1.09609804450704007
1237646792767111685 , 86.9547564353945006 , 0.0895344176086333987
1237649743948808475 , 93.2186413277600963 , 0.693711101507651029
1237646706351211525 , 92.2483269314424064 , -0.581766623954326989
1237646585567052828 , 90.9513335680750004 , -0.920638627810689947
1237646791690355981 , 79.9682837481643958 , -0.767852064957690983
1237646793841968203 , 89.4813778191259956 , 0.869389684738677948
1237646793842163868 , 89.8673750007691012 , 0.849820636166500054
1237646707425345902 , 93.1368222285229024 , 0.197876591982848987
1237646708498892837 , 92.7039516075639938 , 1.02168960079464011
1237649743411677146 , 92.4523877924304003 , 0.326072373399311
1237646587713815961 , 89.3252939589632007 , 0.754305008897994012
1237646648378786178 , 89.2359233287897951 , 0.991312169354169992
1237646792232861750 , 92.8181073391499041 , -0.430229162596824977
1237646587710013746 , 80.624335491181796 , 0.702587541537454952
1237649743411218908 , 91.4371691472020984 , 0.620952229553192958
1237649742334460517 , 84.646049473559998 , 1.45902176928386007
1237646646230123684 , 86.5615176547460976 , -0.724950599449097011
1237646587712308666 , 85.7788684647084949 , 0.777012406099410025
1237646793303393076 , 85.611031101108793 , 0.38592622737950999
1237649742871725506 , 85.6166561343952992 , 1.72375573686866002
1237646587177796537 , 91.1988576646403004 , 0.259644364595190025
1237646552783978606 , 91.0264584908437939 , 0.297462297459189007
1237646792232206675 , 91.4050229425085945 , -0.314098283180760995
1237646648376165459 , 83.2170529091334998 , 0.917001795923333973
1237646707957237058 , 81.8165133343445063 , 0.591358379426270009
1237646551709714009 , 89.7879316920025019 , -0.557015760236171054
1237646586101957505 , 86.4699225240471065 , -0.529291318036054004
1237646706883166862 , 81.0905098457939033 , -0.113401859334641003
1237649742874741644 , 92.2940520360120047 , -0.141367036930142992
1237649742872511505 , 87.3453586993339002 , 1.21368391047711
1237646648375247410 , 81.1726628880282988 , 0.904007459759885945
1237646586638632199 , 85.9955545939155002 , -0.0643327554361673992
1237649745021830067 , 91.7731151841505977 , 1.73354236193423006
1237646792767833536 , 88.4963578582273982 , -0.0104108475741643992
1237646586638370653 , 85.4480079911257064 , -0.201523024016995012
1237646585563513046 , 82.8436983956477064 , -0.899719580603645985
1237646646766469803 , 85.3685929421208982 , -0.379831035839519993
1237649742334066870 , 83.7228533159969004 , 1.71189033540905999
1237646706348654674 , 86.3542088414054945 , -0.687212668864905951
1237646750898258559 , 86.6711168653971953 , 0.549237120836101989
1237646749823271847 , 83.8084791723895961 , -0.231653754077093987
1237646552246060029 , 88.6377122023278048 , -0.0879368237106473022
1237646707962153336 , 92.9778923802952022 , 0.646948402691863045
1237646749288498176 , 88.6729635878280931 , -0.645193563998916031
1237646794375759051 , 82.3476776935012964 , 1.38984983902329007
1237646552246650389 , 89.9361501067237015 , -0.0784079596694439995
1237646708496925637 , 88.2406287302837029 , 1.00770057627008991
1237646587176420686 , 88.0080482610914032 , 0.359422517919105011
1237646588251669899 , 91.5830934040172053 , 1.15893822371864008
1237646706887755611 , 91.4646973605910034 , -0.251013304028298023
1237646751432115195 , 79.8174083731952067 , 1.09893351373705994
1237646792768292254 , 89.6067841140841068 , 0.026923125438129001
1237646587712373098 , 86.013180769845107 , 0.734933866842532035
1237646793842951446 , 91.7036532098476016 , 0.90734230479807898
1237646587711129471 , 83.1484430409947066 , 0.815906376944428025
1237646646767256754 , 87.2044559008833033 , -0.224543824911341006
1237646707423641620 , 89.2056419089319945 , 0.173254966462566995
1237646586103727745 , 90.4513478706746952 , -0.527068880985709032
1237646586103924050 , 90.8871878530832049 , -0.531462493738547037
1237646791696123902 , 93.1303116305337966 , -0.795941650534432998
1237646551172252213 , 88.4522949897128967 , -0.94051966565383105
1237646706349769350 , 88.989362765386403 , -0.706852239163975993
1237646706346295607 , 80.9620925513457053 , -0.544786408694972968
1237646647302554476 , 83.6257900845725999 , 0.188247848672921991
1237646551711416797 , 93.7762873026848069 , -0.501273516608834013
1237646586104054430 , 91.171612672436396 , -0.527230813385485053
1237646792229060768 , 84.2487888207864017 , -0.454512006792749002
1237646751433229224 , 82.2640552677458032 , 1.05759356439145003
1237649743408201846 , 84.8055352352048999 , 2.29206601030284007
1237646792764883204 , 81.7945018523923011 , -0.00707373126460834022
1237646585566200248 , 89.0313033719155982 , -0.934831519603114947
1237646750898980028 , 88.2974150821792989 , 0.659642372689011047
1237646552246649006 , 89.9856634100279962 , -0.095755673524068996
1237646793838101295 , 80.6694471422433992 , 0.839596278417520048
1237646749823468669 , 84.2608608975097013 , -0.0817768632552210994
1237646553858048041 , 91.7276011188816938 , 1.12569825022875003
1237646648375838305 , 82.4779134070621041 , 0.926742248761214027
1237649742338460177 , 93.5043131667483038 , -0.694269518347010006
1237649743409382320 , 87.3857859315160965 , 1.60387708829549003
1237646793839804712 , 84.526037908605403 , 0.85577204383016503
1237646553321637603 , 92.8235518429104047 , 0.76217260866310399
1237646553858705039 , 93.356377530933301 , 1.23057580604177996
1237646708497253035 , 88.9226614490299028 , 1.13516860834272992
1237646793306997581 , 93.8054816642045068 , 0.580101233617868028
1237646792764360068 , 80.5918253877270985 , 0.0813161555323627938
1237646587710408235 , 81.5620038600058024 , 0.685223944810496977
1237646749284696818 , 79.8905615186927065 , -0.611377373900002019
1237649742874150857 , 91.0342783736927004 , 0.342419144348550974
1237646707421807662 , 85.1332497121133969 , 0.31633545828353099
1237646792767505028 , 87.8103978286247013 , 0.170069824531946995
1237646647305110410 , 89.4505143718673992 , 0.0801608539859068048
1237646706884281442 , 83.6178125998458057 , -0.306138383430279992
1237649743408595116 , 85.690526705661199 , 2.11353445864995981
1237646794378379386 , 88.4141195441018937 , 1.33452894214964002
1237646792768684584 , 90.4881734708395982 , 0.120987902253659005
1237646647300850952 , 79.7592235684383013 , 0.132746815837302995
1237646551709254179 , 88.856002399311194 , -0.513432842593563032
1237646793840068127 , 85.0704223243132986 , 0.987110763832945048
1237649745020650710 , 89.1622855290594032 , 2.43119819512825019
1237646750897406004 , 84.6787448792572945 , 0.756066158246961995
1237646792232273442 , 91.5127625738663966 , -0.415884160169519013
1237646708495155240 , 84.1046008408727062 , 0.984451060188916038
1237646749287907724 , 87.3183015245346041 , -0.659916661691754003
1237646749823926532 , 85.3344984149444059 , -0.147255715834053003
1237646552246387212 , 89.4220646445163965 , -0.0443432592376512003
1237646552785225792 , 93.891899190641098 , 0.311553737115256024
1237646751436505514 , 89.8027736764847049 , 0.982423658170728964
1237646792764031894 , 79.8909428988122983 , 0.148190973407316989
1237646792764491085 , 80.9425878555301068 , 0.147914747739940011
1237649744485614287 , 93.2167197583361968 , 1.10776409586147007
1237646647840079968 , 85.0221489791372989 , 0.629549984066622992
1237646749822615783 , 82.3182864423724965 , -0.0928568315900765023
1237646646228353274 , 82.5665640821625004 , -0.706735705718456009
1237649742871855746 , 85.8697327872107934 , 1.59916470368371
1237646792764360035 , 80.5632610385689958 , -0.0337985144510450017
1237646794378576821 , 88.787776128254194 , 1.40147340573103008
1237646647304652142 , 88.4189114981654001 , 0.0469977532100677026
1237646552247632388 , 92.3003835185142947 , -0.0288009271422980002
1237646707959988728 , 88.0404847760243996 , 0.631394571974297047
1237646646764372459 , 80.5355642618495011 , -0.262272360099464974
1237646585563252215 , 82.2173075407761047 , -0.83413990799012705
1237646792766784512 , 86.1204981326091996 , 0.0798095643792243042
1237646552783062198 , 89.0009943422030005 , 0.439710005201146004
1237646791696256147 , 93.552888892709106 , -0.691743966217971962
1237646586636730876 , 81.7167518335802043 , -0.167360173072747004
1237646706884936129 , 85.0900407092844944 , -0.123582354551864004
1237649743947432162 , 90.1866731817400051 , 1.44677812303621001
1237646706349965535 , 89.4105610313049937 , -0.709988924684861966
1237646707959332992 , 86.5280171532988049 , 0.60284381716405
1237649742872969511 , 88.3630190733883012 , 1.06443607468792001
1237646707419710313 , 80.2680568591671033 , 0.138789512465121001
1237646647841653305 , 88.6423861061607994 , 0.569996110036869008
1237646587710080722 , 80.7439817891499985 , 0.742778913001083008
1237646706345772088 , 79.8721476886493065 , -0.57596271930060905
1237646707960971613 , 90.267181724333895 , 0.631929772330782957
1237646793306869311 , 93.5439484149536042 , 0.393004270908277997
1237646706884477023 , 83.9811474620201039 , -0.303841091172938005
1237646751432705058 , 81.1421272029465968 , 0.976980476697792977
1237646707424887832 , 92.0806846215353971 , 0.13487838251908299
1237646553318621644 , 86.0182851780613049 , 0.737402110191822002
1237646749822616762 , 82.3498630253667017 , -0.241378254131278003
