1237646553856213121 , 87.5613985406210986 , 1.2423795532139601
1237646749287383540 , 86.0162606081049006 , -0.538283332141872961
1237649742869889945 , 81.4610552461050048 , 2.74358933440547004
1237646547442139627 , 81.843996356757799 , -0.557256945342025967
1237646551709385304 , 89.1281157430136943 , -0.442419338574113974
1237649742871594448 , 85.2516202215220034 , 1.82759335447807003
1237646707423904174 , 89.8750659750257057 , 0.275893683769048992
1237646707956515482 , 80.1952851412222998 , 0.686001585757337051
1237646707423249254 , 88.3001065065687953 , 0.168275865024578003
1237646750898847914 , 87.9961490973887948 , 0.560512537938018029
1237646792768292303 , 89.6301426366407981 , 0.172963404946154004
1237649743944942599 , 84.6052282496257959 , 2.80065391313436995
1237649743407613327 , 83.5953819031560954 , 2.63629831245508006
1237646587711587939 , 84.2363705958737938 , 0.825821624003376997
1237646553857262325 , 89.9489347143155982 , 1.23425882044603008
1237646792232731546 , 92.6519371009981967 , -0.380053654450769995
1237646647838967629 , 82.5029677176943039 , 0.539257693059479015
1237646587176945239 , 89.2553184883734048 , 0.306874170284426984
1237646792764360068 , 80.5918253877270985 , 0.0813161555323627938
1237646792765866086 , 84.0081480264705931 , 0.0120200183339651996
1237646706885722779 , 86.7913947478341044 , -0.192065296414727998
1237646553855558575 , 86.0720625559701062 , 1.26191336069313009
1237646648378131962 , 87.7432384196085025 , 0.981261521831167993
1237646793839478230 , 83.7971706944789929 , 0.956289939596002947
1237646586640466222 , 90.1620899201753048 , -0.159733493322592013
1237649743948677380 , 92.8576517696180019 , 0.616156315231198959
1237646551709385891 , 89.1577875030403959 , -0.564666565321778946
1237649743408988783 , 86.6050214904830966 , 1.92586833919718003
1237646792231684110 , 90.2618287445603045 , -0.449723128189170984
1237649744483779243 , 89.0473251342015004 , 2.03735007078428998
1237646794380020387 , 92.2047019174516009 , 1.39535661809506006
1237646647841195383 , 87.6166321214109018 , 0.422829882010251012
1237646587176485251 , 88.1836926003697954 , 0.29885807707967299
1237646708495156006 , 84.1680715469691023 , 1.01884527714960993
1237646586637844857 , 84.1184601973698989 , -0.00666864110128847967
1237646793305885119 , 91.2361853748870004 , 0.511776525548501948
1237646793302738233 , 84.128823134637301 , 0.471429268771512977
1237646586637320215 , 83.0387887437872934 , -0.194350795803864995
1237646648376164780 , 83.3406186053212963 , 0.926233024677059036
1237646794375364965 , 81.5396749401481031 , 1.36349156862307996
1237646587710604658 , 81.9190816994691033 , 0.817743886643489959
1237646586640007836 , 89.1351420112944055 , 0.00134541588827687998
1237646751432246188 , 80.0733011383920967 , 1.09798358317562994
1237646793839674683 , 84.2511045502106981 , 0.962256432314379961
1237646647302948534 , 84.4209249667178057 , 0.156845405394076987
1237646794379757485 , 91.4779425149713035 , 1.36047466734843003
1237646749285810750 , 82.5607912940111959 , -0.519114870669470041
1237649743948415444 , 92.3067540449441992 , 0.747345862858574961
1237646749825172472 , 88.1692738825451983 , -0.273809974309006998
1237646587710212228 , 81.0255120030175959 , 0.79571035788790101
1237646708494434803 , 82.488645494987594 , 1.1226361867261101
1237646708496794894 , 87.982519393326001 , 1.05080407047058011
1237646792768685297 , 90.4527526265215016 , -0.0322598145707097966
1237646549051966327 , 80.040226204188798 , 0.762828467252073983
1237646553320916642 , 91.1549179869683002 , 0.821786595231338013
1237649745022159972 , 92.6212087299745974 , 1.72393245136413009
1237646586099532962 , 80.8823339186836989 , -0.546652906936285987
1237646587710276010 , 81.1979812296222008 , 0.739382264724227967
1237649743946122781 , 87.2950456849512051 , 2.07858740924779983
1237646749285155089 , 81.0452414017230041 , -0.527442300080574022
1237646551708598339 , 87.3458401080857954 , -0.398914659954865025
1237646648375248663 , 81.2536963220741058 , 0.954857697330650956
1237646587175372068 , 85.6451075428616946 , 0.392466681994791011
1237646706888343768 , 92.8334486347689989 , -0.247181829923832003
1237646793842952216 , 91.6835416358123041 , 0.876291415374744975
1237649743948873743 , 93.2902993189052978 , 0.619019969668587966
1237649743408595548 , 85.7131814077688006 , 2.19830172779344979
1237646552245534898 , 87.3870509017600057 , -0.0844449288779211965
1237649744484499504 , 90.6542505062736979 , 1.77048762170292995
1237646792766457336 , 85.4437306458076051 , 0.0968698667820225012
1237646792232994276 , 93.2099400666830036 , -0.392573433917565995
1237646793306211174 , 92.0327851789589033 , 0.47739710733607299
1237649743945663037 , 86.2914809025795932 , 2.46604468501999996
1237646793838166563 , 80.7044585899539015 , 0.806176184170223964
1237646647302620277 , 83.7435507361374931 , 0.069707067627200095
1237649745021174366 , 90.3737535855467939 , 2.32173761667950984
1237646792233124725 , 93.5475338458061003 , -0.362044725579475979
1237646794377331361 , 86.0127976365997 , 1.2507784974187901
1237646647840015377 , 84.9134481449472958 , 0.526729039383142972
1237646706886312099 , 88.1481746718151982 , -0.272053900640315982
1237649743947629827 , 90.5513254963755969 , 1.27814325286063002
1237649744484762217 , 91.340065392930299 , 1.46452062032621
1237649743949072966 , 93.8021553990322019 , 0.513884879726715038
1237649742337541644 , 91.4805384726540041 , -0.159700298426450005
1237646648377868998 , 87.2071682749614041 , 0.938062578400225
1237646794377069738 , 85.3546322599986951 , 1.31465045513523004
1237649743408858429 , 86.2873645702284051 , 1.97547272482264002
1237646794376611098 , 84.328521136687101 , 1.39810602438822995
1237646648376034360 , 82.9824909047913053 , 0.940879640965371022
1237649743411545132 , 92.2692672309877935 , 0.337581816696534975
1237649745022224843 , 92.7485443755734025 , 1.64592651332281004
1237649744485286538 , 92.4628768755087975 , 1.28745349795518993
1237646708499350938 , 93.7940980088075946 , 1.07315302274107993
1237646647304847650 , 88.8673563055827032 , 0.0930972294599305972
1237646792768029482 , 88.9963800873948969 , 0.132466954816513993
1237649743945204161 , 85.1998156438699965 , 2.66540464688827994
1237646587710079586 , 80.8199389958936933 , 0.804382125545267002
1237646707420889618 , 83.0118786418557022 , 0.235257585778947009
1237646751432442207 , 80.6050118828571982 , 1.07440771437006011
1237646792769079520 , 91.3621728443596055 , 0.0997122793568893939
1237646793301688741 , 81.724824977795393 , 0.562373976924797958
1237646587173668734 , 81.7676965163197025 , 0.264791785067459984
1237646553320588602 , 90.4400225750434004 , 0.743394034066051979
1237646706350621096 , 90.8566600598716008 , -0.542087320546210005
1237646792232534163 , 92.0799765232603988 , -0.255349751414045978
1237646586102744541 , 88.2227100636105064 , -0.503176025010758976
1237646646767255626 , 87.1307776686687987 , -0.382740212261664992
1237649742337935620 , 92.3759032086583005 , -0.421115947473323982
1237646794380805974 , 93.9740710604576037 , 1.25374829930061993
1237646648375248277 , 81.2209734295441024 , 0.925331322534962974
1237646647841916698 , 89.3074688530191025 , 0.601490562373862003
1237649742874936754 , 92.7579728288982039 , -0.122611359915845
1237646794375431324 , 81.6067014579331982 , 1.37722729583211989
1237646707960513755 , 89.2005751033317011 , 0.529114679677399002
1237646553858508690 , 92.7753322167496037 , 1.23895032867179
1237646552781882624 , 86.2777462324426949 , 0.331226270056199978
1237646648376297043 , 83.6396584403416057 , 1.01550863386462997
1237646551711482105 , 93.9003182244137946 , -0.394599511636157974
1237646793306997581 , 93.8054816642045068 , 0.580101233617868028
1237646749825369462 , 88.5971810519426981 , -0.124487786023114
1237649744483910700 , 89.3347645496322968 , 1.98479241678326002
1237649742875067518 , 93.0139280143560967 , -0.128443051262373986
1237649743411807755 , 92.7970336386139962 , 0.158782046995461001
1237646750897210473 , 84.2739514805983987 , 0.686641905073460013
1237646750898980028 , 88.2974150821792989 , 0.659642372689011047
1237646553857720543 , 91.0685093236428003 , 1.10896339913147002
1237646706883232518 , 81.2308749613906969 , -0.253127977078297983
1237646794374972229 , 80.6864711292279964 , 1.25465132492169995
1237646792230635193 , 87.8666624433381003 , -0.355435234035529013
1237646587173078686 , 80.4914202445358029 , 0.348492348696337995
1237646751432836115 , 81.3738942787820037 , 1.06084920652013004
1237646706348589172 , 86.1968407128038052 , -0.529118317616443012
1237646751434473688 , 85.172943180616997 , 1.15960208907013995
1237646749287973884 , 87.4429890973542001 , -0.561053606338143052
1237649743947563201 , 90.4616509602819008 , 1.27477839315288
1237649744482993585 , 87.3486326542792 , 2.56133868487492
1237646707420364854 , 81.7101992253689957 , 0.236839722587917995
1237646646768239918 , 89.4293673284585964 , -0.264257869162342007
1237646552248223920 , 93.6400600626973016 , -0.0482606177678438011
1237646750899569818 , 89.709126353569701 , 0.644284562907255998
1237646793301558143 , 81.4047838856815957 , 0.442212112463471974
1237646552784176926 , 91.5603808898388962 , 0.417844139515316015
1237649743407481708 , 83.212318335418999 , 2.73025662378478984
1237646553321047742 , 91.5167122063851934 , 0.77698737074973101
1237646751434474647 , 85.1492382403632035 , 1.05701855934465994
1237646708496991110 , 88.3695256896248935 , 1.00022542104373002
1237649744485025068 , 91.9236402614745032 , 1.46292795517251006
1237646647304455687 , 87.9148474270797067 , 0.0190839458574163998
1237646793300968270 , 79.9387127513044931 , 0.521126935808000957
1237646794375497424 , 81.8314032860213985 , 1.4039940850228001
1237646586101629987 , 85.6607800925801968 , -0.545543110495008032
1237646793842559508 , 90.841649242539404 , 0.965547879091512962
1237646793306868829 , 93.5182425190973987 , 0.417626570279818976
1237646551709385399 , 89.1629834599617936 , -0.55348078269951595
1237646793301493480 , 81.212583167014003 , 0.526439956474626047
1237646586099009065 , 79.6928315903172972 , -0.498688537117779995
1237646707961038115 , 90.379924701795602 , 0.625440412549376989
1237646587174125978 , 82.9178038219483966 , 0.413124001116099981
1237646586640926005 , 91.2798598018155047 , -0.141891688674114003
1237646707419840578 , 80.5159646561653943 , 0.156170195889604013
1237646706350358742 , 90.295938437232806 , -0.527473174746448947
1237646792229782665 , 85.7960711611570019 , -0.278891277328893017
1237646793843540169 , 92.9680985885551934 , 0.975805533159535998
1237646647840080500 , 85.0164138999996055 , 0.528331171422972035
1237646647839753183 , 84.2527095897489033 , 0.494534130561056995
1237646706885263601 , 85.743780245442295 , -0.104897964980961003
1237646586104056285 , 91.1996250821925969 , -0.443863802956307008
1237646586100383864 , 82.8351467119553035 , -0.459936841644430994
1237646792765277237 , 82.6418049178068941 , 0.0517546470823608967
1237646792232995396 , 93.2379207770214009 , -0.25627387345715702
1237646793303262573 , 85.2013390512629059 , 0.56706995762496204
1237646793303394131 , 85.5156766296926065 , 0.487303419647774017
1237646793840722291 , 86.5667775561888959 , 0.920378541701538988
1237646647304717725 , 88.5505154220706032 , 0.0470490748661236968
1237649743409578835 , 87.868639456851497 , 1.49245119232083989
1237646749825368954 , 88.688924560407898 , -0.187034793832516005
1237646750897799315 , 85.6423239930202982 , 0.661933909980931046
1237646587711588070 , 84.131076580162599 , 0.730826426642348981
1237646553857458849 , 90.4870892446048032 , 1.28181978372506
1237646587177075158 , 89.5164500556949037 , 0.219588207778954991
1237646586103662664 , 90.3005293654030936 , -0.421705669115101989
1237646587175110385 , 85.065423389017198 , 0.323489795671869973
1237646587711521900 , 83.9704813870041988 , 0.807751359968880034
1237646750361387343 , 86.6387793612132953 , 0.271563007258677991
1237646706888673029 , 93.5332731607687009 , -0.163089266366706009
1237646749823665203 , 84.6955051414114024 , -0.133470330847631991
1237646792770192017 , 93.930893643153496 , 0.101760749872228995
1237646548515749954 , 81.5182963253474071 , 0.329786745157420014
1237646646764634269 , 81.1483876746329003 , -0.277123804053501011
1237646553321309926 , 92.1424336632780978 , 0.747285631905596048
1237646647301834309 , 81.9931083030463981 , 0.128346765558261994
1237646648375772537 , 82.4201702657730948 , 0.878185540435654999
1237646792768751359 , 90.6829203904072045 , 0.0476666812030398027
1237646750899044375 , 88.4446294396911981 , 0.551859408394877016
1237646749823467787 , 84.3289230752429972 , -0.220875225209466008
1237649743948089724 , 91.5976362158239965 , 0.983919244431328055
1237646706888737395 , 93.7978799050554954 , -0.217959722977231013
1237646586640139173 , 89.4386365688881 , -0.144605883238649008
1237646708495548864 , 85.0133286821829017 , 0.968084672102889954
1237646751432836172 , 81.393026742908603 , 1.10834966607476004
1237649742875329173 , 93.6125596893609071 , -0.400132333656234018
1237646793303131209 , 84.9833913646934036 , 0.591823393240581974
1237646750361911570 , 87.8103896747409038 , 0.170062063886350007
1237646792764883204 , 81.7945018523923011 , -0.00707373126460834022
1237646587173930915 , 82.3400994578960024 , 0.411591199899976001
1237646707425345902 , 93.1368222285229024 , 0.197876591982848987
1237646793304441101 , 87.9678622380825033 , 0.391431651402768976
1237649744483320014 , 88.0577289837419954 , 2.35129407180389993
1237646794377332104 , 86.0309747700612064 , 1.30335829581457996
1237649743947958135 , 91.3384147766552985 , 1.11861731482261995
1237649742870217717 , 82.2264149260866049 , 2.66793548354725996
1237646706888279677 , 92.6473730532155031 , -0.141183886772894007
1237646647304585460 , 88.2876273535016054 , 0.186125373908384989
1237649744484762350 , 91.1991193068821957 , 1.48120058597990001
1237646792768292254 , 89.6067841140841068 , 0.026923125438129001
1237646707962284372 , 93.3451487997339058 , 0.579002756617735037
1237646587709818155 , 80.1788638156562001 , 0.804255541078248037
1237646794378773771 , 89.2577781618226993 , 1.26782386835588001
1237649743407677882 , 83.6125918046526948 , 2.6512378485473298
1237646647839687279 , 84.1970656937779012 , 0.594502831569080015
1237646706349638735 , 88.6483801409627006 , -0.531280312691523982
1237646707421021015 , 83.1968573114342007 , 0.137725496122091007
1237646707423510587 , 88.9015032325011987 , 0.131702763976766002
1237646707423576978 , 89.0429743525020001 , 0.286685000313046001
1237646586104119615 , 91.3962950680940054 , -0.536385176223991955
1237646551711351803 , 93.580518999645804 , -0.525163684588612956
1237646552784176240 , 91.5513870981452982 , 0.396704658366369978
1237649745022091842 , 92.4158553069705988 , 1.6587072764405999
1237646707419775826 , 80.359860449170796 , 0.148806962477716992
1237646792231946333 , 90.7974473880866952 , -0.375890918363350979
1237646707959071944 , 85.988465147073498 , 0.71350213566339804
1237646793843540401 , 93.0001003942143001 , 0.978490491365986981
1237649742336295658 , 88.7039157563641965 , 0.454281847196775002
1237646793839544128 , 83.8633926927270039 , 0.880427723223962011
1237646587710736016 , 82.3095902666405976 , 0.685069294598377954
1237646707423641631 , 89.2124518286145047 , 0.318568764331411014
1237646793842231698 , 90.077627220290907 , 0.909473979237393038
1237646792770061178 , 93.661752477054705 , -0.0312493601406255983
1237646751433623019 , 83.206375569148193 , 1.04162911425734994
1237646750358766869 , 80.7570685130816059 , 0.152943613127025008
1237646793838888641 , 82.4764273233451064 , 0.985234366703646947
1237646706348655194 , 86.4093069481245948 , -0.520121421617916968
1237646793841968203 , 89.4813778191259956 , 0.869389684738677948
1237646750895244524 , 79.8413760733438949 , 0.615972279520640043
1237646793305425998 , 90.1417119005540002 , 0.409122680821718987
1237646586636600061 , 81.3579305176130987 , -0.0886456444768352059
1237646792232403291 , 91.8536070086066019 , -0.366059791447685023
1237646792228668616 , 83.3020069003406007 , -0.246346540380086992
1237646553318883665 , 86.5202388648942957 , 0.821712075179700019
1237646792768882315 , 90.9635659991723031 , 0.0836024411507428067
1237646587714800924 , 91.5900185424521993 , 0.81219325518072405
1237646749287645821 , 86.7139474752860053 , -0.52743973952826495
1237646793305555397 , 90.4402208867673068 , 0.467883284180907022
1237646793841837767 , 89.1107713060739997 , 0.826483923175806989
1237646792769604092 , 92.5704690098303047 , 0.0509342723429958011
1237646793306868113 , 93.4855450089125952 , 0.437205756891236974
1237646706888409253 , 92.9850681131076016 , -0.220595583311995996
1237649742873887170 , 90.3740328956317001 , 0.409692105588874977
1237646707425214625 , 92.7945277983159968 , 0.222425805839915003
1237646646766207122 , 84.7609105666855953 , -0.331264405547375018
1237646706351211525 , 92.2483269314424064 , -0.581766623954326989
1237646706888804867 , 93.9706275042096024 , -0.194080824984215999
1237646793303721450 , 86.2598108187261943 , 0.507734233836712012
1237646751434998552 , 86.4384161882130968 , 1.01501375088561008
1237649743408203057 , 84.8528185840325051 , 2.40526356715088019
1237646706884609189 , 84.2928150784974974 , -0.253614215755146977
1237646749824385340 , 86.400476073840295 , -0.0951545901200660932
1237646792764359233 , 80.5834840118631064 , 0.159841273705537995
1237646749822486071 , 82.0603757497391939 , -0.0886095493345468027
1237646587174781898 , 84.2789179236645936 , 0.238991959850105989
1237646646764832211 , 81.6884742147019978 , -0.220074662624936995
1237649742332953871 , 81.2389781891859002 , 2.37713312836367008
1237646552782012722 , 86.6351244276219035 , 0.266924344025256
1237646588251407093 , 90.8846606918146023 , 1.1189662206617399
1237646586102678636 , 88.0235115058485036 , -0.51873260724131498
1237646793838560525 , 81.6006633670502026 , 0.923793368168562945
1237646587712440514 , 86.1090569656290938 , 0.645774184796313988
1237649743412136569 , 93.562290882721399 , 0.0682982241473899937
1237646549589034312 , 80.5170979225596 , 1.19122987697922
1237646588251079937 , 90.1400115775768995 , 1.2622176567343999
1237646707961496968 , 91.5502234678267968 , 0.646088221138782948
1237646587712897336 , 87.2493549583787029 , 0.671184668840968945
1237646750897930389 , 85.9168351470565028 , 0.758580609618889956
1237646586638238996 , 85.137727703772299 , -0.150609005667915991
1237646646767714594 , 88.145666301304999 , -0.385468023909836977
1237646587174782283 , 84.408397168026795 , 0.348977978006393019
1237649743945073426 , 85.0248315363394056 , 2.78993475734296981
1237646792769340560 , 91.959290606041705 , 0.097354073958823506
1237646647839818743 , 84.4259568354037953 , 0.530260370194923003
1237646793304966949 , 89.1717222685105071 , 0.465336252055803978
1237646793306867015 , 93.4318293601688055 , 0.587899536354786978
1237646553321046300 , 91.4984150195939065 , 0.754370567206581022
1237646551710107013 , 90.7252816474555033 , -0.541674318437380009
1237646587712831618 , 87.0979591881141033 , 0.829389362939512043
1237646552783914308 , 90.9443628370167971 , 0.381344286049500991
1237646792233323908 , 93.9839862028374 , -0.412164150882689984
1237646793842821078 , 91.3831564563523955 , 0.985526836313520005
1237649742336099118 , 88.2245518144828935 , 0.646530246203310011
1237646792232994727 , 93.1839830468559995 , -0.261744296883609007
1237646708495877490 , 85.864560695181595 , 0.989011606891619044
1237649744483647702 , 88.9013302124156013 , 2.21180226096159016
