1237646705813553392 , 90.4916992261897946 , -1.03554606961346995
1237649742875263906 , 93.4446995719039961 , -0.378118186839095982
1237646793302475841 , 83.3970508040088987 , 0.413107436512409998
1237646750895833780 , 81.1218052629649975 , 0.711721984098667049
1237646645694365753 , 89.0557218991881996 , -1.13073876488830005
1237646706351014351 , 91.8678922768318955 , -0.713746710265684037
1237646706888542227 , 93.337642787752003 , -0.248440861428713994
1237646793841902769 , 89.2931873851529048 , 0.91209470207903498
1237646647839949049 , 84.841186936459394 , 0.607887853263928024
1237649743948218702 , 91.8898830964846951 , 0.93019754904806895
1237646552245272700 , 86.7962763873991037 , -0.126799273833661991
1237646707419972557 , 80.8202025870428002 , 0.137588096183344
1237646646766338321 , 85.0842879370434986 , -0.373761128427343992
1237646706350884498 , 91.4886369559228001 , -0.641398532811385036
1237646750362698669 , 89.6283281803536056 , 0.335070708183422994
1237646750362109377 , 88.2558869605496028 , 0.30874597310197599
1237646551174415238 , 93.5130384486117947 , -0.904467093135612021
1237646588251211474 , 90.4394089451484007 , 1.18687548844280011
1237646707957760986 , 83.0078342046551967 , 0.733837067235221019
1237646586103925404 , 90.964440375510506 , -0.598198205480876988
1237646546905072604 , 81.3694257090150046 , -0.936123124174494947
1237646552246780490 , 90.3490993918585019 , -0.0624043575777653015
1237646551174218687 , 92.9786054769584069 , -0.97605899450528899
1237646791691272274 , 82.0816328503481998 , -0.691261935710492992
1237646645691285682 , 82.0772846107051066 , -1.20720968258754002
1237646751434211470 , 84.5747632340214039 , 1.0741467993454501
1237646793306344011 , 92.2715143880737969 , 0.558106832975792999
1237646793841378562 , 88.0473441621813038 , 0.907352758773732004
1237646749288432862 , 88.545167168913693 , -0.540447057710864986
1237646793302016533 , 82.3504666443567999 , 0.558703815707052964
1237646647839033094 , 82.7117629613949958 , 0.510995611847325004
1237646750360470745 , 84.6419429424585985 , 0.186892537427313987
1237646791695860456 , 92.6341019629587947 , -0.671118056204597968
1237646646229533771 , 85.1857927966180029 , -0.813113694466354953
1237646794375299990 , 81.4317022073536947 , 1.23537745304266999
1237646553858835956 , 93.5993397499285038 , 1.28991609780955008
1237646707425085389 , 92.4839655897911967 , 0.200290236861394993
1237646748751168111 , 87.5341142914094945 , -0.924078857306466994
1237646750899306668 , 89.0892042900637051 , 0.724421099224222043
1237646792764032435 , 79.9192716093918989 , 0.161610576731766986
1237646705814799657 , 93.3657818359616982 , -1.13075577485854994
1237646585567183978 , 91.2533643658290003 , -0.877583658714347958
1237646585563513046 , 82.8436983956477064 , -0.899719580603645985
1237646750897143964 , 84.1830363917949995 , 0.638886314444118031
1237646646231172812 , 89.0109649272013996 , -0.711304722458896976
1237646749823271864 , 83.8195629469256005 , -0.252502820320321009
1237646792769604092 , 92.5704690098303047 , 0.0509342723429958011
1237646648375574910 , 81.9597846896751037 , 1.00399824842954
1237646793837642471 , 79.6207482521853933 , 0.869232050698331982
1237646586099859909 , 81.7187599960637954 , -0.419490172802768013
1237646586636600061 , 81.3579305176130987 , -0.0886456444768352059
1237649742336819567 , 89.815097071260297 , 0.193324393214403006
1237646646228747089 , 83.4694644682920028 , -0.733601524392365034
1237646647838966026 , 82.5586339590857961 , 0.575677180744948003
1237646708494893142 , 83.5587885075718049 , 1.04427397932971
1237646647841654245 , 88.639450150065997 , 0.614435381536642011
1237646705813947567 , 91.3622635770048959 , -0.967738811587832037
1237646705812832503 , 88.8125797883130019 , -1.13096117208128999
1237646794377790232 , 87.080019378140193 , 1.40801885411016992
1237646586636403994 , 80.8402380869632964 , -0.179532439440654001
1237646794378117210 , 87.8468850115436055 , 1.42577614249412998
1237646706347344974 , 83.4628086805341951 , -0.546308454313580993
1237646794377332333 , 85.9910665746239999 , 1.34990561198880998
1237646706351211525 , 92.2483269314424064 , -0.581766623954326989
1237646793842690072 , 91.0796685195866047 , 0.916948589251394997
1237646585566266171 , 89.1370309363427964 , -0.952684082233949958
1237646586101957671 , 86.4386766973008065 , -0.476846387599110022
1237646793303326756 , 85.3344454108408996 , 0.429733006150875008
1237646791694156667 , 88.6980137169783944 , -0.723607718675818967
1237646646768435721 , 89.7900790919476037 , -0.400008208386602004
1237646708497646071 , 89.8915796035390997 , 1.02500050986571001
1237646705809163358 , 80.4626298273906002 , -1.06830355895600992
1237646707419971994 , 80.8169539799259979 , 0.115753872483772002
1237646585562268799 , 79.9908192537788949 , -0.92898439641247299
1237646705814405518 , 92.4287306165187061 , -0.996181960939463984
1237646586641056623 , 91.474701641941607 , -0.0256001573623203006
1237646751436571093 , 89.9643328033634049 , 1.09271335540999992
1237646708493189909 , 79.6536899184454938 , 1.00058256463135997
1237646587176944429 , 89.3190371414719948 , 0.326315094949092999
1237646707956384717 , 79.8613898623211043 , 0.617632154949100953
1237646553320653859 , 90.5715632323574056 , 0.746859290466219017
1237646793300968770 , 79.9708157634910037 , 0.556362180874030998
1237649743949072912 , 93.7374029248178005 , 0.337973035108799003
1237646794375169556 , 81.1192247541626017 , 1.24981220368188994
1237646707424298064 , 90.7024392295893023 , 0.173625262913958994
1237649742337345081 , 90.9331246434049945 , -0.123172109934982996
1237646647303538360 , 85.8434032034973029 , 0.0158589246251323
1237646707423708465 , 89.4214863203251014 , 0.197307159417782013
1237646749286990680 , 85.2399616611156006 , -0.646884314001743954
1237649743411218908 , 91.4371691472020984 , 0.620952229553192958
1237646708494434907 , 82.5379075890644032 , 1.09754093170653011
1237646705810473715 , 83.4637597293799018 , -1.00402818879097011
1237646791691600732 , 82.8566260657513993 , -0.820931968335379958
1237646551711351803 , 93.580518999645804 , -0.525163684588612956
1237646792233126779 , 93.5414601676266955 , -0.300455437350356014
1237646706886050182 , 87.6118607730071943 , -0.19256639544316001
1237646587173602683 , 81.6353874670216015 , 0.317486783797439998
1237646706350227626 , 90.0217620966172944 , -0.549229885462351963
1237646708499284765 , 93.5338854732815008 , 0.997237384360790013
1237646748749398143 , 83.5774806969313033 , -0.967200173066004032
1237646751434014974 , 84.1773593760851071 , 1.07245319463658006
1237646706887427486 , 90.7470155984706963 , -0.25206492616519699
1237646708494631866 , 83.0129865741505029 , 1.02283615015925999
1237646553320588057 , 90.4093244735351931 , 0.708686485939922006
1237646748751496063 , 88.2705653466883007 , -1.12061073819373003
1237646793302081771 , 82.5587199973044932 , 0.444769491111045023
1237649744485875892 , 93.7080610208438003 , 0.937861704835469046
1237649743946908828 , 89.0225268486253043 , 1.66505968024353002
1237646751432442207 , 80.6050118828571982 , 1.07440771437006011
1237646706345837787 , 79.9742334961638051 , -0.589356146530124025
1237646647303799676 , 86.4622497444273961 , 0.0336624244919618981
1237646705811653091 , 86.1216085875186934 , -1.0021120330172999
1237646706884936129 , 85.0900407092844944 , -0.123582354551864004
1237646553320521738 , 90.2275777075054037 , 0.733682036272271021
1237646706351736434 , 93.3959997488743028 , -0.565114646407790966
1237649743948546575 , 92.6220317805314011 , 0.777504710804466037
1237646551708205307 , 86.4595196851106067 , -0.443466033394361026
1237649742872773810 , 87.9125232144771047 , 1.18845732054381004
1237646706347541288 , 83.9192764037664034 , -0.657794867544893025
1237649743412136983 , 93.4659968120334952 , 0.115815624115711002
1237646749286007470 , 82.9964478078433956 , -0.58764462290577002
1237646751434146134 , 84.3862901314951017 , 1.10364655639686005
1237646645690433635 , 80.0985686019065071 , -1.16543969269579994
1237646645694564199 , 89.5127473496470003 , -1.13957063236068001
1237646749287580210 , 86.5606498936705009 , -0.691268535328991018
1237646585566594635 , 89.8056678514005995 , -0.981301209320695977
1237646586101433542 , 85.2154730091106956 , -0.593756774776628027
1237649742874214544 , 91.1117568242396061 , 0.348687669658039989
1237646586100843411 , 83.869546279229894 , -0.425397566369231983
1237646750360339757 , 84.2993004986499983 , 0.296712861867116984
1237646647841916033 , 89.1976261960709991 , 0.627842365818757964
1237646793305162884 , 89.5921309560713013 , 0.566012204537404973
1237646646228157418 , 82.0062016272746064 , -0.691593977515888025
1237646750362174397 , 88.456926062029595 , 0.133633695252592999
1237646748749201609 , 83.0715939476979059 , -1.08815254769299008
1237646706347082766 , 82.8609641822711041 , -0.531123121941453946
1237649743410496726 , 89.8554228538388031 , 0.971444850330374976
1237646551708729458 , 87.6635188116002979 , -0.498994737354029994
1237646705813948222 , 91.413039148950503 , -1.08810759967820991
1237646749288956556 , 89.6512315485842066 , -0.677249843590026046
1237646706888409253 , 92.9850681131076016 , -0.220595583311995996
1237646792232994276 , 93.2099400666830036 , -0.392573433917565995
1237646749824385340 , 86.400476073840295 , -0.0951545901200660932
1237646587177666798 , 90.8631019385973957 , 0.246504075163396008
1237646646766207496 , 84.7166378196673975 , -0.333747997145600994
1237646647839817804 , 84.4331935001482066 , 0.62839709130523802
1237646706351278278 , 92.4299530405024967 , -0.594580054143630021
1237646552782668305 , 88.1257656515909957 , 0.313066458755961008
1237646551173629148 , 91.6261647888129005 , -0.828691468947751031
1237649744484698344 , 91.1859774336782039 , 1.51033100963401989
1237646646227894497 , 81.466163897087398 , -0.707603443866975046
1237646707419447849 , 79.7241240341850954 , 0.120314242855018003
1237646749825500582 , 88.8742179564911936 , -0.0850537643412618005
1237646792766457336 , 85.4437306458076051 , 0.0968698667820225012
1237646794378314844 , 88.2731064416934998 , 1.36468840105052003
1237646705814471664 , 92.5456615657781043 , -0.96601615299696697
1237646585566398251 , 89.4474646954434007 , -0.910900058627534981
1237646647837721628 , 79.6736323170489982 , 0.57094157990045602
1237646551708598339 , 87.3458401080857954 , -0.398914659954865025
1237646793303459368 , 85.7612606161033995 , 0.494839313711770978
1237646586639417457 , 87.7911567433558986 , -0.000131594802452122993
1237646553857590200 , 90.7692669453423946 , 1.1207321539545001
1237646792769339445 , 91.9194277265846011 , 0.0658106949149497994
1237646793842821620 , 91.3612889773341976 , 0.823336056966317953
1237646647302096644 , 82.5082813610142978 , 0.0943047341305647963
1237646587177534532 , 90.575264512501704 , 0.22786294974378099
1237646586103398774 , 89.7461445049952999 , -0.469727288522954978
1237646586099729038 , 81.3551925947250965 , -0.458260996767806017
1237646793842559520 , 90.8484327133734979 , 0.833664343500583049
1237646647302750781 , 84.0081463445893064 , 0.0120185906569492996
1237646553320784293 , 90.9617724288512051 , 0.759519715874011014
1237646707420430806 , 81.8791295350570039 , 0.184166829534980009
1237646588251603233 , 91.4480749025124027 , 1.14368693887526995
1237646648375969244 , 82.8079706114732943 , 0.895078049565303013
1237646586100908762 , 84.0822761632865934 , -0.533437383896695039
1237646751436243481 , 89.2358876731700974 , 0.991302912410157999
1237646587174323981 , 83.2840908467897947 , 0.269255376209189989
1237646586636666395 , 81.4626975658107 , -0.146094292042168006
1237646585564497294 , 85.1197868347660034 , -0.834490113514949949
1237646708496335704 , 86.8653632452596014 , 1.05573054046636994
1237646546904482484 , 80.020178193961101 , -0.906090902520037988
1237646646766600672 , 85.6264629926942007 , -0.307823726973658007
1237646587175372068 , 85.6451075428616946 , 0.392466681994791011
1237646792770061178 , 93.661752477054705 , -0.0312493601406255983
1237646647305110410 , 89.4505143718673992 , 0.0801608539859068048
1237646706346558605 , 81.6016860811728009 , -0.602835641674249967
1237646793306868113 , 93.4855450089125952 , 0.437205756891236974
1237646707419579192 , 79.9349918175677061 , 0.308863490855152023
1237646552246780224 , 90.2749975823031008 , 0.0244828936195692001
1237649745022552457 , 93.417416331066903 , 1.43878591077533002
1237646791692517769 , 84.8839634235693978 , -0.81530880701930597
1237646792767833536 , 88.4963578582273982 , -0.0104108475741643992
1237646707958612094 , 84.9074059993723012 , 0.572667415040234995
1237649743949005007 , 93.6220539002974022 , 0.578879138736638987
1237646707957498636 , 82.3069195289400994 , 0.578031790999808948
1237646749824254328 , 86.0782656926070047 , -0.251143547662810995
1237646646229008654 , 84.0171160211031065 , -0.662624342654325016
1237646551172383758 , 88.8584883599432942 , -0.870381244747805982
1237646751432114987 , 79.7296179269099952 , 1.02680745129197004
1237646646768435516 , 89.886018716604795 , -0.23582250489145401
1237646749288693886 , 89.0800628819639968 , -0.658724395092538995
1237646794380148846 , 92.3733963916835989 , 1.24960099341972009
1237646792231027040 , 88.6306097639024983 , -0.301304803880819982
1237646749825892566 , 89.8423082500826951 , -0.104012937544557996
1237646793302672616 , 83.9758842910073042 , 0.394144712626325999
1237646791696189563 , 93.3663644875615972 , -0.860857553120313979
1237649745022683879 , 93.6866039722941935 , 1.22116814002471008
1237646749822747634 , 82.6602274698245054 , -0.283119100639922017
1237646585567249168 , 91.3485288996669027 , -0.843616906086158025
1237646793302934994 , 84.4987959003573934 , 0.528945439953762975
1237646648377868998 , 87.2071682749614041 , 0.938062578400225
1237646794378248741 , 88.034020723007302 , 1.22686149178758996
1237646551711352202 , 93.6602657980355957 , -0.412861552662082021
1237646587710277850 , 81.2158885166121962 , 0.827616748532538971
1237646585563186264 , 82.1656728843671971 , -0.992708759277708963
1237646791696058233 , 93.1028764645484017 , -0.847303092584821949
1237646707424821562 , 91.9434377141548964 , 0.295003084218468992
1237646585566266643 , 89.0703574257104975 , -0.94223918142202201
1237646585563448137 , 82.6353353850277017 , -0.979190823477008032
1237646645690696744 , 80.7781439799670977 , -1.16186458802711989
1237646705813423279 , 90.2183864898262016 , -1.0240582452754301
1237649742335771059 , 87.5977138447274939 , 0.835404664527049978
1237646751435064167 , 86.4964359518977943 , 1.02774492158343
1237646794377724536 , 86.9524551741125009 , 1.22659361897635
1237646705814538357 , 92.6520596490106954 , -1.14523863951448002
1237646793842887364 , 91.5407663204348978 , 0.992916096914810975
1237649743948153368 , 91.7369663608317012 , 0.893410468280080972
1237649744485157283 , 92.2047239374988976 , 1.39539233352538994
1237646794374514151 , 79.6308303242413018 , 1.43109430309088004
1237646793302868158 , 84.3614423633135004 , 0.55461256933604397
1237646706347803652 , 84.4173796896843953 , -0.713218563619785972
1237646750360470738 , 84.6361101360951977 , 0.294098551342492021
1237646792229390074 , 84.9545020518588956 , -0.429812524580608979
1237646792767505028 , 87.8103978286247013 , 0.170069824531946995
1237646553858901758 , 93.6976233553447031 , 1.16863837057138009
1237646588251145381 , 90.3853771834905046 , 1.25028299529222009
1237646646228091778 , 81.8629361561815045 , -0.787172970615470979
1237646707956450133 , 79.9954349339317048 , 0.544604508065212989
1237646791694484797 , 89.3999979688879023 , -0.857429362746327972
1237646551173170101 , 90.5589120882060996 , -0.815221122970683054
1237646707422593253 , 86.9301693492475067 , 0.209841602638136004
1237646793306868889 , 93.5348221805990931 , 0.386680705172475991
1237646794380741998 , 93.8371849560656983 , 1.2829696404281401
1237646706888017082 , 92.1467592318748956 , -0.13890033706677099
1237646791693828718 , 87.8995752332272957 , -0.777893920836136954
1237646587713225232 , 87.9235917514545946 , 0.720981111638127947
1237646792766522888 , 85.5991441875417962 , 0.150208600721222996
1237646551708992745 , 88.1953413303020994 , -0.375816666296320989
1237646791694811837 , 90.1909348135028068 , -0.785953211353506043
1237646585566593132 , 89.8178293019057037 , -0.879605989636307983
1237646792769866669 , 93.1704466935551068 , 0.136434977922193001
1237649742875394544 , 93.7332828948421053 , -0.336493454317959018
1237646552246650183 , 89.9355978520959951 , 0.0441082728712093031
1237646750897800271 , 85.6013827799391009 , 0.66090984074793202
1237646648374920901 , 80.4557767082321931 , 0.86859345916948405
1237646708493320536 , 79.9302664008068007 , 1.00687437410759006
1237646791690552602 , 80.4447252749883006 , -0.712606079330249997
1237646706883953136 , 82.8851238499554057 , -0.124588732300381005
1237646793839804712 , 84.526037908605403 , 0.85577204383016503
1237649743412265859 , 93.8826383086366008 , 0.0213888157404908998
1237646792227292183 , 80.1817800206600992 , -0.363075411978605989
1237646552244945828 , 86.0771554507334002 , -0.156521129677616999
1237646751435720138 , 88.0952589893963989 , 0.974870828531065992
1237646750358439063 , 79.9823555624525966 , 0.319945495025986015
1237646548515160208 , 80.2118595387970004 , 0.280571177698336005
1237646646766076856 , 84.535623759273804 , -0.335255305410466997
1237646587714142674 , 90.081142324457204 , 0.70490053515783202
1237646706888280300 , 92.7114959406731032 , -0.143639985895177014
1237646705813094549 , 89.4140791206318966 , -1.13679015841419995
1237646792770126986 , 93.8379528817714004 , 0.139662031424566013
1237646792765604634 , 83.5161989631060067 , 0.0296868148136596004
1237646553318686763 , 86.0677475096219951 , 0.753382812768809029
1237649745022288911 , 92.8252125357964957 , 1.66181497012750001
1237646646766207122 , 84.7609105666855953 , -0.331264405547375018
1237646749825500323 , 88.9015100575458064 , -0.204533971754140009
1237646585566134681 , 88.7690013994683937 , -1.01111342349250011
1237649743410693684 , 90.3913814855738025 , 0.977193284073509028
1237646647302948534 , 84.4209249667178057 , 0.156845405394076987
1237646751434539557 , 85.3008824911473056 , 1.06106778765734
1237646586103335316 , 89.5249108880130962 , -0.453677682162464013
1237646552245928564 , 88.2787817351288027 , -0.110334547505130998
1237646647301506259 , 81.174296976904003 , 0.12703568849435401
1237646793301361285 , 80.8971145314687021 , 0.57806001948807495
1237646793306213257 , 92.0270320163555056 , 0.515254319360978985
1237646587177075158 , 89.5164500556949037 , 0.219588207778954991
1237649742338196511 , 92.8623944516788953 , -0.606283355623401965
1237646707957563452 , 82.4802429184799024 , 0.690582149646972954
1237649743411218919 , 91.4861407601277961 , 0.537715988421709978
1237646750358963486 , 81.1664304385748068 , 0.331927850808008018
1237646705814209382 , 91.955610466930807 , -1.04640648406379011
1237646793839216055 , 83.2290273221301931 , 0.81933536626189496
1237646586639483342 , 87.9203877696437957 , -0.0575943417749592984
1237649744485157211 , 92.1568678722876058 , 1.33231929988158004
1237646794380542098 , 93.342457157830296 , 1.43173472508320998
1237646552785094097 , 93.6454836918878044 , 0.283732231284488989
1237646792228668811 , 83.337335730489599 , -0.383480181599020975
1237646549052228269 , 80.6043741483727985 , 0.827017415982322035
1237646587712831794 , 87.0229209913387933 , 0.829535698773473995
1237646707962479843 , 93.6747730830039984 , 0.662464710795752976
1237646751435391239 , 87.2278984525894003 , 0.982411707261742984
1237649743947432808 , 90.214650045069007 , 1.43138029594675009
