1237648702977343858 , 96.2838287 , 1321.14795
1237648722293949216 , 94.9060135 , 1300.43994
1237649806761263560 , 111.556503 , 1300.85803
1237649911987372854 , 114.679497 , 1330.25098
1237649744480043039 , 115.892899 , 1331.05005
1237646586083737958 , 118.057297 , 1315.29102
1237649910380692417 , 95.8900681 , 1322.37903
1237648705670021292 , 92.7102966 , 1335.75903
1237649816425332816 , 103.395401 , 1317.28406
1237648675035873649 , 107.487 , 1310.92896
1237646549571469849 , 115.147903 , 1333.66895
1237646548492813176 , 111.714302 , 1337.323
1237649961388539913 , 114.277496 , 1301.53198
1237648722863391239 , 93.8914032 , 1303.38696
1237649863131660598 , 102.649399 , 1329.85999
1237648703529813146 , 96.8896332 , 1335.59998
1237648705640858389 , 96.0783005 , 1329.099
1237649963527569717 , 114.798897 , 1326.72205
1237649964072960024 , 92.5507431 , 1336.71204
1237649863139525833 , 102.671799 , 1330.12402
1237649743949135988 , 118.594398 , 1301.29504
1237646587688976583 , 91.9167862 , 1321.43298
1237648702957748770 , 99.9675903 , 1335.90405
1237650009165267559 , 96.4642181 , 1315.44397
1237646648375050747 , 117.007301 , 1333.09595
1237646797063455932 , 107.393997 , 1333.875
1237648704583041175 , 96.3182831 , 1317.93201
1237649823940673892 , 110.383797 , 1308.09497
1237648673959575654 , 99.0547791 , 1317.84998
1237649770789863888 , 97.8186569 , 1339.95105
1237645879022256422 , 117.517799 , 1305.36304
1237649918434213893 , 97.9864197 , 1335.146
1237646793309358044 , 102.249397 , 1331.94495
1237646549561901168 , 116.767097 , 1307.29602
1237648673992802832 , 110.6875 , 1317.33899
1237648703531909176 , 96.2330017 , 1335.41296
1237646706352982340 , 94.4737701 , 1321.69702
1237646749284893563 , 107.889603 , 1333.05298
1237649910915728867 , 91.7225113 , 1329.29395
1237649742334985571 , 102.861198 , 1331.33997
1237649964066669109 , 110.513298 , 1320.901
1237649918431855279 , 100.688499 , 1325.25403
1237646791690028012 , 104.916801 , 1332.46204
1237648703494488137 , 105.942101 , 1337.23706
1237648722320752839 , 94.3239136 , 1328.94995
1237649808917201115 , 98.8022308 , 1335.06799
1237649911985931425 , 117.491501 , 1315.92004
1237649768110489947 , 112.064697 , 1302.797
1237649744486532835 , 102.4748 , 1304.61694
1237645877937046216 , 114.303902 , 1335.745
1237646646749954373 , 118.577301 , 1335.58899
1237650010769391977 , 107.3564 , 1307.45996
1237648675035873640 , 96.0966873 , 1333.31104
1237649742333871248 , 92.8200073 , 1315.11206
1237646553321833326 , 92.2294388 , 1332.78101
1237648704564494670 , 115.110901 , 1337.59204
1237646646764766323 , 106.804001 , 1324.15503
1237649929711321384 , 101.959297 , 1318.42603
1237646792771896337 , 116.930801 , 1325.77405
1237648704044597672 , 96.0009537 , 1333.25696
1237649953861468688 , 94.9569321 , 1333.71899
1237646587692908664 , 107.149101 , 1316.06702
1237648675069756612 , 113.236397 , 1320.85303
1237649909839036434 , 97.3780823 , 1324.50696
1237646547960266961 , 103.4562 , 1338.83606
1237649744487120979 , 112.269897 , 1329.07898
1237646791698352380 , 103.521301 , 1334.828
1237649955470049534 , 96.787323 , 1335.51294
1237649770787964105 , 106.502197 , 1311.20398
1237648705116897712 , 104.796097 , 1305.35205
1237650010232586252 , 106.663597 , 1303.50195
1237648673963311874 , 99.3372192 , 1333.67102
1237648675600007746 , 97.9498291 , 1303.073
1237648704566264391 , 92.9928589 , 1330.92297
1237649927562133781 , 118.719597 , 1309.97095
1237646546889736795 , 113.047699 , 1323.70996
1237649953865335075 , 94.5300903 , 1330.49097
1237646648364498953 , 115.880096 , 1308.23499
1237648675591159977 , 99.7317734 , 1300.93103
1237646749818029217 , 107.251999 , 1333.55005
1237650009160614628 , 105.723999 , 1331.37598
1237648704565280876 , 108.565102 , 1307.33105
1237649795483697295 , 95.9175873 , 1304.03296
1237648595579569188 , 97.5242615 , 1330.20496
1237646587160822605 , 99.5639114 , 1318.30603
1237649920576783374 , 105.820198 , 1309.23096
1237648675062350442 , 96.3154831 , 1313.99304
1237648704061964517 , 105.7146 , 1305.39294
1237646750355619852 , 91.8362732 , 1309.85498
1237649742339114659 , 96.6648331 , 1334.46594
1237648675058549184 , 101.998497 , 1339.10999
1237646751434867762 , 100.364197 , 1334.55396
1237646585544048665 , 104.877403 , 1316.07397
1237648596650754073 , 96.7175598 , 1309.93506
1237646797058411590 , 107.055 , 1302.89905
1237649769720775208 , 92.7036133 , 1315.78406
1237646795985454842 , 113.643898 , 1310.849
1237649954942550175 , 96.653183 , 1315.87598
1237648722293489848 , 112.492699 , 1317.99805
1237646707959333383 , 92.4673233 , 1307.98999
1237648705128890503 , 95.0306168 , 1317.56604
1237646796524748840 , 92.9403 , 1326.75598
1237649952785957189 , 115.477798 , 1308.58801
1237645879019897663 , 98.4411087 , 1337.36206
1237646707940131030 , 112.415604 , 1323.15906
1237648672890028368 , 104.371399 , 1305.04102
1237646792769538135 , 118.373299 , 1304.26904
1237646792772027407 , 103.0019 , 1311.95801
1237648703511200189 , 118.234398 , 1306.96399
1237646706866978820 , 105.384399 , 1339.10205
1237646585540772251 , 93.4868469 , 1330.68896
1237649743410169170 , 92.2705917 , 1326.97205
1237648705679787237 , 97.0243225 , 1300.18994
1237649911448797885 , 113.388496 , 1316.00598
1237649911447748619 , 97.1516037 , 1312.54895
1237648675036136202 , 113.3843 , 1323.95496
1237649939907019470 , 92.141777 , 1303.61206
1237648704064586474 , 109.947197 , 1304.96594
1237648674514338296 , 116.499199 , 1324.79602
1237646547950633326 , 104.233704 , 1318.67798
1237648722325209342 , 118.052498 , 1317.62097
1237646648356962566 , 102.682899 , 1332.104
1237648702965416337 , 110.020699 , 1311.15002
1237646585551323461 , 99.5035706 , 1324.479
1237646793848062114 , 102.987297 , 1323.77405
1237648596651147297 , 114.7967 , 1306.71997
1237648722319638661 , 116.473602 , 1338.422
1237650013457875140 , 96.0341034 , 1322.86597
1237649865276064034 , 92.7074509 , 1335.099
1237648702989533857 , 107.363297 , 1305.95398
1237648704065438629 , 114.042 , 1339.95398
1237646509298679948 , 95.985199 , 1324.71899
1237649962993451733 , 102.876999 , 1309.62305
1237646750362566672 , 112.429497 , 1314.76404
1237648673962197257 , 116.681396 , 1334.40601
1237648672921485635 , 108.336197 , 1330.64905
1237649863129956479 , 114.178001 , 1307.94202
1237648705678410092 , 111.934998 , 1336.06604
1237649918972919995 , 113.050201 , 1300.23706
1237649918966891270 , 96.7053833 , 1310.28198
1237646585535136198 , 115.401398 , 1328.84497
1237646586611236892 , 109.447701 , 1317.07397
1237646547441811824 , 118.267601 , 1324.23999
1237646549029748885 , 116.799797 , 1310.45398
1237650012919562959 , 107.694199 , 1326.87805
1237649768111800355 , 101.9981 , 1313.78699
1237646586098156824 , 104.3339 , 1321.42297
1237649953334755746 , 92.7860718 , 1309.63696
