1237648673989919702 , 147.355896 , 1632.401
1237648705677428205 , 142.044296 , 1656.547
1237646792769537062 , 150.546295 , 1635.20203
1237649939902367107 , 146.965103 , 1662.52295
1237649912521097805 , 147.535599 , 1643.61694
1237646750888165388 , 151.863907 , 1646.02905
1237648705662877965 , 150.145096 , 1624.17004
1237648673995424777 , 151.547302 , 1638.86304
1237649743948810881 , 149.586304 , 1637.823
1237646646748971272 , 152.229095 , 1642.58203
1237648673460127517 , 157.368103 , 1661.60095
1237649953322369798 , 156.171204 , 1647.93201
1237646798140212693 , 133.482193 , 1649.09204
1237646553320129425 , 152.525803 , 1659.53894
1237646792771240127 , 148.6017 , 1646.84302
1237648675044327707 , 138.586502 , 1635.93201
1237648597724627812 , 151.261703 , 1637.83899
1237646793838363767 , 136.339294 , 1645.30896
1237646797066077761 , 134.7491 , 1646.66199
1237649954942353428 , 143.663803 , 1630.18298
1237648704597197585 , 159.349503 , 1635.245
1237649873336926389 , 134.067902 , 1648.00598
1237646791700709603 , 140.591995 , 1662.86804
1237648675045245352 , 155.531799 , 1635.04602
1237649963531108699 , 140.660294 , 1663.12805
1237646706336203122 , 153.694595 , 1624.77795
1237646793308767125 , 135.614197 , 1635.40698
1237649768111734826 , 135.8918 , 1628.58899
1237646793840132676 , 139.481293 , 1646.59802
1237646795989647430 , 158.845398 , 1635.39502
1237648675578315670 , 137.050293 , 1650.43103
1237649744485025359 , 154.272903 , 1634.22595
1237648705140097406 , 142.553696 , 1635.26001
1237649927564296635 , 139.111893 , 1632.22595
1237648673429979525 , 142.722198 , 1658.76001
1237648705641382279 , 156.979599 , 1623.05896
1237649952796967413 , 150.344604 , 1638.28601
1237648702987371184 , 153.8573 , 1631.09302
1237649912525947101 , 137.665497 , 1657.78101
1237649817494946079 , 155.467697 , 1630.31104
1237646549579858133 , 137.730606 , 1661.90601
1237646586625130900 , 149.034607 , 1628.55005
1237650013457286014 , 153.572098 , 1640.00696
1237649928635875929 , 140.983505 , 1632.43701
1237649910918218560 , 155.550201 , 1638.32898
1237646797059850376 , 142.588104 , 1652.57202
1237646585546801874 , 137.6035 , 1628.16602
1237648703513756911 , 138.772903 , 1626.04004
1237649962450944802 , 153.906693 , 1637.31702
1237646586075742556 , 137.770996 , 1635.995
1237650008621056344 , 144.636002 , 1640.78699
1237648672915260460 , 134.289093 , 1627.35803
1237646585540837781 , 149.800995 , 1641.74805
1237648722277236793 , 138.805298 , 1662.92004
1237646706877399713 , 148.231796 , 1624.828
1237646708494827856 , 134.819595 , 1633.31702
1237646547414417721 , 160.041 , 1661.07703
1237646646753624181 , 153.793503 , 1648.64294
1237646793843540169 , 145.884705 , 1648.64795
1237649770795696820 , 146.1633 , 1637.72498
1237648705142850160 , 145.9953 , 1630.60803
1237648702993137702 , 155.432297 , 1639.58801
1237648722293883328 , 148.055603 , 1661.27197
1237650005935653688 , 159.907806 , 1654.75
1237648596650950951 , 147.354904 , 1660.18506
1237648703505826285 , 146.861206 , 1662.73706
1237646797069943371 , 143.146103 , 1643.62903
1237649769722349162 , 140.211304 , 1644.54102
1237646706352586829 , 144.681107 , 1643.84595
1237646547975929885 , 154.868896 , 1659.073
1237648675597779895 , 151.094299 , 1661.61597
1237646750892097817 , 140.028107 , 1625.00903
1237646792772289950 , 145.390305 , 1627.41394
1237649808909206006 , 155.367294 , 1662.32495
1237648720130015273 , 139.254105 , 1660.86096
1237646587707918079 , 134.060898 , 1657.16797
1237648705676772616 , 141.566299 , 1646.70398
1237648722817385459 , 135.986298 , 1630.98401
1237646798681669907 , 159.620895 , 1630.06104
1237646548498514105 , 158.628494 , 1627.31201
1237648675057369535 , 148.565506 , 1651.38306
1237646791699988754 , 152.750595 , 1628.24402
1237646647302947410 , 137.434799 , 1651.91003
1237646587173797899 , 146.170395 , 1643.755
1237646792232994950 , 145.250504 , 1636.11401
1237648703493111812 , 143.276199 , 1650.96497
1237646797595544263 , 145.433197 , 1623.04797
1237649909846376794 , 159.840607 , 1655.71704
1237646647273128281 , 149.608307 , 1627.69202
1237646587695399107 , 142.718201 , 1656.40002
1237646647817666930 , 156.934998 , 1644.51404
1237648673456718698 , 149.079407 , 1655.60706
1237648720137027594 , 150.2164 , 1652.53198
1237646587172095515 , 152.9879 , 1659.72498
1237646548502315207 , 137.8311 , 1627.94995
1237646586082361880 , 150.481293 , 1658.30798
1237646586088587713 , 158.931 , 1636.87598
1237646547964788967 , 145.559402 , 1636.53406
1237646645667496546 , 140.498505 , 1627.65295
1237646506079879316 , 158.771393 , 1640.922
1237646793837707643 , 143.760406 , 1628.65796
1237646586635159063 , 146.841507 , 1625.75903
1237649817501958382 , 156.303497 , 1648.56995
1237650009701089715 , 138.398102 , 1629.18201
1237649743948873759 , 140.844193 , 1628.36694
1237648703531909193 , 135.690506 , 1639.10706
1237648704047940077 , 156.766006 , 1646.45703
1237646792765998496 , 157.149704 , 1662.16602
1237649955481649979 , 144.447495 , 1627.27905
1237646648364499181 , 141.959 , 1646.75
1237649817495732232 , 151.301102 , 1623.58496
1237649929706406415 , 158.168304 , 1626.98706
1237646647286563389 , 146.5345 , 1637.81494
1237646647296328387 , 154.009903 , 1655.30005
1237649770252010411 , 159.248505 , 1645.09595
1237645877426717504 , 154.029495 , 1649.66394
1237646707425806528 , 156.942703 , 1635.51501
1237646546887180809 , 137.779404 , 1644.79602
1237646645684994489 , 158.616592 , 1638.83801
1237648722290802777 , 137.440506 , 1654.00403
1237649909841985971 , 158.030502 , 1631.52502
1237649806761132416 , 149.496994 , 1636.62695
1237648704059867898 , 157.666901 , 1625.42395
1237646504466186559 , 158.4702 , 1636.79199
1237646708495024527 , 158.843903 , 1639.13794
1237648674533147719 , 149.552002 , 1650.59094
