1237648673991360747 , 241.228699 , 1768.05103
1237649939908920694 , 242.644699 , 1767.45105
1237648674534523899 , 223.094299 , 1770.91394
1237646546886852906 , 223.647598 , 1763.78003
1237648702982980287 , 229.130707 , 1789.42896
1237646749824713606 , 232.142105 , 1774.39197
1237649909836874951 , 217.502106 , 1764.58301
1237648705646625076 , 235.174194 , 1793.99805
1237648705143636574 , 223.889297 , 1794.26794
1237648705679853458 , 220.658997 , 1791.76501
1237648702991042259 , 216.240906 , 1773.75
1237648704069502570 , 216.855301 , 1796.04199
1237646794380804328 , 222.327301 , 1757.47998
1237648722329600273 , 229.148895 , 1775.302
1237648721788994679 , 218.840302 , 1772.90698
1237648722315116972 , 240.028793 , 1769.70605
1237646588234039988 , 225.574997 , 1790.31104
1237649806757397289 , 233.084396 , 1786.38794
1237646793841901843 , 235.1203 , 1784.17505
1237648703501697410 , 218.320908 , 1796.11304
1237648704603227119 , 220.143005 , 1796.33496
1237646504466645221 , 237.448898 , 1779.87402
1237646645664022943 , 233.355103 , 1756.96301
1237648722312365194 , 230.341003 , 1770.47705
1237648705663468440 , 242.264496 , 1790.04895
1237646706885264348 , 216.981903 , 1762.31995
1237646792773669532 , 236.633499 , 1789.89197
1237646793309683895 , 221.350998 , 1772.11499
1237649770252140731 , 235.3983 , 1794.80603
1237649745017569637 , 231.017105 , 1792.151
1237649826627060205 , 236.173004 , 1761.56995
1237648704057115290 , 221.146606 , 1778.88501
1237650011308687589 , 236.975204 , 1757.45203
1237648673958789959 , 238.095703 , 1778.89197
1237646546878201887 , 235.2211 , 1787.43604
1237649909839233068 , 240.319199 , 1766.32495
1237649768645069273 , 231.149796 , 1756.81494
1237646706879561739 , 223.108505 , 1758.52295
1237649953864483133 , 226.410202 , 1792.56006
1237646707955532835 , 223.195908 , 1785.05603
1237649770254238104 , 224.386902 , 1756.75696
1237649769720644397 , 237.605194 , 1781.59595
1237645879020683550 , 237.197495 , 1787.91296
1237649808907895365 , 221.324005 , 1789.95703
1237649939905119288 , 218.636902 , 1774.73901
1237649863673643515 , 239.0625 , 1784.18005
1237648705664713220 , 227.042404 , 1763.24695
1237648722835735315 , 238.317307 , 1788.729
1237646549589557375 , 217.393707 , 1771.47803
1237646588224340924 , 218.343903 , 1768.34204
1237648672922403998 , 220.667206 , 1768.13501
1237646794376871982 , 232.392593 , 1774.63196
1237649918967873987 , 216.9814 , 1782.70105
1237649809451713010 , 224.373596 , 1766.07898
1237648721785847993 , 232.343994 , 1762.53699
1237649962461429867 , 226.173096 , 1780.06702
1237646585539396042 , 230.901505 , 1788.33606
1237649955476078629 , 240.240707 , 1785.00305
1237646575332622566 , 227.680298 , 1773.52295
1237649910378726619 , 233.224701 , 1789.755
1237649962993058594 , 225.359299 , 1793.79199
1237648722814828693 , 216.663193 , 1757.63403
1237648675058614743 , 226.4104 , 1789.396
1237646706352784237 , 220.693497 , 1774.87695
1237648705129546115 , 221.300598 , 1770.27002
1237649745020650253 , 226.589905 , 1789.50195
1237646553858180625 , 216.272003 , 1788.44299
1237645877404762729 , 223.857193 , 1796.51599
1237649863675282020 , 238.874695 , 1767.276
1237650010774700255 , 217.578995 , 1794.15906
1237646797058410607 , 242.582397 , 1788.276
1237648704055607597 , 224.536102 , 1791.18896
1237646647283548982 , 238.134705 , 1762.948
1237646648351719723 , 224.613098 , 1776.30103
1237646647811244703 , 242.401001 , 1763.26001
1237646793841771833 , 226.547195 , 1781.89404
1237645877403582812 , 226.071594 , 1771.85901
1237650010769260564 , 225.859894 , 1767.22498
1237648704054952496 , 242.526306 , 1774.26501
1237648705129808489 , 232.653198 , 1766.45703
1237646646202270326 , 231.555099 , 1760.66199
1237646796528288788 , 225.849396 , 1763.74194
1237648722321670694 , 216.981705 , 1792.79895
1237646707962020797 , 220.693497 , 1765.74695
1237648673455604838 , 215.630997 , 1762.04004
1237646573722599663 , 215.844604 , 1796.61499
1237649927563576177 , 226.304703 , 1758.44202
1237648673430634899 , 237.5233 , 1779.521
1237648672907722867 , 219.508102 , 1790.86902
1237648672908902697 , 219.014404 , 1794.60596
1237646551710368703 , 218.058105 , 1756.93896
1237646508759515441 , 235.0634 , 1795.78003
1237648704063603672 , 216.128204 , 1760.05505
1237648674497167596 , 228.648804 , 1795.73499
1237646587708245314 , 234.697403 , 1792.67297
1237646797063783626 , 221.101898 , 1766.52002
1237648675581067603 , 225.841995 , 1758.17505
1237646707956843683 , 227.389999 , 1771.96399
1237646705816831452 , 239.522003 , 1794.83704
1237646794384804946 , 234.760498 , 1763.13403
1237646705805230273 , 241.349594 , 1757.48804
1237650008620269999 , 237.588303 , 1793.34302
1237648674509685140 , 229.644806 , 1778.54199
1237648705129283645 , 220.102203 , 1778.31897
1237649816956961351 , 229.784195 , 1782.56799
1237649871184134739 , 224.512695 , 1790.79895
1237646797599278480 , 233.385803 , 1794.50696
1237648705122140477 , 237.7547 , 1763.104
1237648722830099267 , 242.462204 , 1790.672
1237646504472412468 , 230.626602 , 1794.51294
1237646793308635245 , 217.812195 , 1757.68604
1237649742870414304 , 239.455902 , 1788.81702
1237646551174873227 , 219.304001 , 1783.33899
1237649768645592238 , 216.992905 , 1781.28003
1237649769724511086 , 237.414703 , 1777.58704
1237646585557549682 , 218.665802 , 1777.18701
1237646792771373518 , 231.509399 , 1784.93396
1237648597188150043 , 233.569 , 1771.75403
1237648720136307320 , 215.593307 , 1759.94897
1237649742871528129 , 215.775208 , 1760.98096
1237648705124500649 , 223.746094 , 1768.93896
1237649826620571872 , 220.321304 , 1767.49097
1237646546877022568 , 218.394104 , 1762.41797
1237650013988520320 , 241.717499 , 1788.75806
1237649920036438401 , 224.564499 , 1795.38599
1237646707959136609 , 216.138107 , 1775.96106
1237646797067321390 , 233.968903 , 1790.55103
1237648704065962826 , 221.118393 , 1793.44995
1237648705128825838 , 218.872696 , 1765.896
1237648722860179960 , 218.119003 , 1782.229
1237648675603415643 , 229.891495 , 1763.99097
1237648722840781163 , 238.693802 , 1783.35596
1237649919500812414 , 235.161697 , 1778.72095
1237646751435588504 , 237.612106 , 1774.57104
1237646647824745138 , 223.347397 , 1762.16602
