1237646646741893947 , 221.055405 , 243.014603
1237646792226964777 , 216.446503 , 275.631409
1237646547439583789 , 238.180603 , 240.789703
1237646706872484135 , 240.371994 , 248.417892
1237648703496912985 , 226.452698 , 263.035797
1237649961925477439 , 236.107498 , 238.641403
1237646586611565248 , 223.184799 , 261.756287
1237646546890326221 , 237.871704 , 241.8909
1237649921116733561 , 240.6492 , 269.028595
1237650011317207241 , 228.779297 , 275.74411
1237646588224799123 , 238.219498 , 241.275696
1237649954397880667 , 239.843994 , 269.036713
1237648705119388052 , 237.588196 , 241.308807
1237646586634830727 , 219.831802 , 242.2789
1237646551712073952 , 229.378906 , 275.253113
1237649865278227053 , 228.393707 , 254.882706
1237648673434501839 , 221.041107 , 244.199097
1237646646736519533 , 236.556305 , 267.713013
1237646586103858596 , 219.580902 , 254.798096
1237646706865012754 , 238.649994 , 259.002014
1237649744485682229 , 241.275299 , 240.081406
1237649768106950900 , 234.804794 , 270.550293
1237649909841396368 , 227.608505 , 240.228302
1237646648353488946 , 218.575897 , 246.184296
1237648674530919110 , 230.420807 , 242.054901
1237646547965706687 , 232.457596 , 254.383102
1237646586621395439 , 221.791595 , 277.818115
1237646795988337841 , 232.709595 , 244.025101
1237646796522718661 , 222.309692 , 249.041794
1237646587711062554 , 231.899597 , 244.8508
1237646586606846110 , 224.761902 , 256.403412
1237648675066544881 , 220.139297 , 270.148499
1237649911997661837 , 224.641098 , 240.722198
1237649962453369400 , 225.727402 , 263.312195
1237649770798055685 , 225.889603 , 259.424805
1237646572646760539 , 227.967407 , 273.807404
1237649873865605576 , 237.7724 , 258.741913
1237649911453057875 , 229.578201 , 263.680298
1237646795993056084 , 229.007706 , 243.125504
1237648703516573930 , 219.781296 , 246.652206
1237648705106542930 , 225.212799 , 267.21051
1237645877419770008 , 217.756699 , 250.473206
1237649963534123652 , 238.053299 , 272.220398
1237649952793559215 , 222.634003 , 257.685089
1237649794947743931 , 227.325806 , 239.809692
1237646707416892376 , 240.280594 , 263.190399
1237648675579494732 , 217.355606 , 258.480499
1237646647291413120 , 221.9664 , 277.940399
1237648704582844695 , 239.567993 , 278.623505
1237646706890442866 , 236.109497 , 251.499802
1237649942591570179 , 238.317703 , 270.355011
1237648673972355487 , 228.676697 , 270.755615
1237648705634894507 , 216.133102 , 239.980392
1237646547956466247 , 226.244797 , 265.69101
1237646750354702899 , 236.865005 , 258.007996
1237646793845834684 , 237.189102 , 273.345398
1237646509296779869 , 234.137695 , 247.639297
1237646585566529620 , 223.105392 , 247.3237
1237650008632328643 , 227.913406 , 267.461212
1237646585545818397 , 219.352997 , 248.353806
1237646553857065234 , 237.833603 , 249.669601
1237649963524358412 , 215.990005 , 247.999298
1237648722279400647 , 236.643005 , 265.591614
1237646706330042605 , 224.356705 , 237.979797
1237648702971707773 , 238.747803 , 264.3526
1237649817498681965 , 227.975403 , 241.520996
1237649954408955913 , 241.185501 , 277.582214
1237649962461364423 , 228.069397 , 258.526886
1237649807302328421 , 240.042007 , 241.141495
1237648704587826187 , 240.072495 , 254.051804
1237648720129622885 , 227.666397 , 257.819
1237648704580026777 , 231.723206 , 278.587891
1237646547440238737 , 241.831207 , 237.757797
1237649807304950062 , 235.714096 , 268.274414
1237646646203319137 , 225.179993 , 247.297699
1237646792232141495 , 239.491302 , 240.261002
1237649927557284163 , 230.466599 , 245.5802
1237646798136673094 , 239.548996 , 243.6922
1237649743948940585 , 216.3517 , 254.009903
1237646749814816798 , 230.049103 , 241.722595
1237646586623951600 , 237.561798 , 243.872406
1237648722320622772 , 236.5056 , 242.968094
1237646552785420335 , 229.364304 , 246.377594
1237646706336530604 , 236.686493 , 254.084503
1237648703486755502 , 216.901794 , 267.295593
1237646647296066580 , 224.423203 , 263.823395
1237649918431658780 , 234.839203 , 244.867493
1237646587174716889 , 234.075806 , 262.932312
1237646547955876145 , 219.712708 , 273.635315
1237646707426198357 , 232.121597 , 273.126892
1237648722854019343 , 221.846405 , 256.20639
1237646749278667158 , 231.168304 , 274.588989
1237646792237385594 , 238.228302 , 270.620911
1237646648375837750 , 218.612305 , 272.795013
1237646586615562579 , 240.881393 , 263.046997
1237649927555055868 , 240.768295 , 239.676804
1237646706890179217 , 218.845398 , 260.941406
1237648702985339301 , 234.161606 , 238.886505
1237648702993860240 , 239.037796 , 238.849503
1237646586102612867 , 217.230896 , 249.566895
1237648705649967501 , 241.976898 , 242.378098
1237650012916613379 , 240.120697 , 239.043106
1237649808379216220 , 216.761002 , 267.228912
1237646547974554166 , 221.772705 , 263.224304
1237649770791109209 , 228.101303 , 260.630798
1237648704605063227 , 235.446503 , 275.504211
1237648674534391863 , 237.820908 , 272.565887
1237648722818958097 , 220.924301 , 260.780396
1237649963532288020 , 239.046204 , 258.859497
1237649953873068414 , 234.897797 , 240.591599
1237649824473153645 , 237.232803 , 240.910706
1237646795991220322 , 222.884399 , 255.419403
1237646548489339570 , 215.894897 , 259.503387
1237649808380068350 , 240.543304 , 267.302002
1237646586103464041 , 223.341705 , 264.120789
1237649743950185214 , 237.499207 , 255.201294
1237646749818945826 , 226.233902 , 261.61261
1237646798132543760 , 236.251205 , 265.654388
1237649920046334743 , 220.276993 , 273.432312
1237646587173471502 , 241.656097 , 244.324493
1237649911453582134 , 223.982697 , 255.351395
1237646588242362992 , 216.397202 , 277.604187
1237648673970127185 , 222.840302 , 242.757797
1237649921111752851 , 222.032501 , 248.662003
1237646586076791723 , 229.080505 , 273.364105
1237646646745170094 , 222.316101 , 262.676605
1237648672901562777 , 216.259094 , 267.997314
1237646798143553581 , 222.235596 , 252.270096
1237649743410431514 , 242.447906 , 265.213806
1237646706338759277 , 217.436996 , 275.573303
1237646794374448069 , 238.139099 , 244.736694
1237648705124500892 , 238.249298 , 272.805511
1237649953862451509 , 227.9832 , 265.289307
1237646546897403936 , 232.285095 , 276.535309
1237646798673674388 , 238.162903 , 273.664307
1237648673451869603 , 238.844101 , 251.892593
1237649807842607631 , 237.043106 , 266.905487
1237648704604144041 , 238.481598 , 258.117615
1237648705142981242 , 220.492798 , 258.923401
1237649964071649562 , 216.75 , 269.986115
1237646586608419581 , 218.823395 , 239.839203
1237648597725676750 , 221.652496 , 270.946899
1237646546904810435 , 240.256897 , 264.227905
1237648704044466684 , 229.159897 , 240.894501
1237649953331085620 , 236.431396 , 265.073212
1237646546891702424 , 223.498993 , 254.348206
1237649962449371661 , 241.551804 , 262.766693
1237646646203253117 , 239.799103 , 240.126099
1237648722294670105 , 239.479904 , 257.387909
1237649954946482899 , 227.559402 , 262.787109
