1237648596113883814 , 301.782288 , 1927.63403
1237648673979564531 , 302.628815 , 1913.29297
1237648674532557884 , 299.763489 , 1906.43896
1237648702970200483 , 324.146606 , 1914.047
1237648722846089242 , 323.118805 , 1889.61401
1237648704037323118 , 318.720612 , 1914.05396
1237646553321374709 , 313.851715 , 1902.93201
1237646707962872669 , 298.412811 , 1899.07703
1237646647284073285 , 302.317902 , 1915.854
1237649809443258884 , 305.4039 , 1906.20496
1237646648345035413 , 313.941803 , 1915.83301
1237646588230435273 , 323.585205 , 1911.39404
1237646646765553086 , 304.090088 , 1905.625
1237648672918208741 , 318.232605 , 1892.30298
1237649811592380825 , 302.335114 , 1917.01099
1237648702952833294 , 297.924286 , 1927.745
1237648673447281845 , 309.42041 , 1894.87903
1237646705802543658 , 321.753387 , 1907.65796
1237646792768947799 , 316.468109 , 1905.51599
1237648673460520874 , 318.106201 , 1908.78601
1237649813199847832 , 324.437592 , 1910.94995
1237646549037220622 , 312.394287 , 1892.40796
1237648722278613967 , 299.727203 , 1913.15295
1237646707963070006 , 311.714905 , 1919.41895
1237648722833441107 , 311.169098 , 1903.63794
1237646793307455710 , 319.519409 , 1888.95801
1237648722326323230 , 307.673187 , 1889.48206
1237646588230959813 , 323.011688 , 1918.995
1237646587704246703 , 303.449097 , 1890.11206
1237648722284840072 , 316.412109 , 1901.06006
1237646645690369303 , 306.021088 , 1909.10803
1237648702953554505 , 322.155396 , 1928.15295
1237648705134919715 , 311.795105 , 1917.45398
1237649807836971530 , 305.958313 , 1915.12402
1237648674513814447 , 323.389099 , 1918.47095
1237650013457613381 , 307.83551 , 1923.62
1237648675604398103 , 319.194611 , 1909.27405
1237649928100512123 , 312.977112 , 1901.19604
1237646708500661596 , 299.164612 , 1903.96594
1237646646222652053 , 300.740601 , 1900.66199
1237646793848195141 , 315.222809 , 1897.89099
1237649964065882831 , 307.093201 , 1925.71997
1237649745023468555 , 323.361908 , 1899.60999
1237646585562334484 , 297.418396 , 1896.00903
1237646647825203484 , 320.701385 , 1899.74902
1237646646230976204 , 318.145203 , 1906.00305
1237649743405909633 , 307.202515 , 1890.34595
1237649865281896759 , 313.190186 , 1892.14502
1237648722306335629 , 308.950287 , 1890.104
1237648722283135043 , 309.305695 , 1896.04504
1237649942589014538 , 307.340912 , 1893.64099
1237649826088747053 , 299.988892 , 1900.46899
1237649768108852704 , 321.165802 , 1922.19495
1237648704047284754 , 316.19931 , 1899.81104
1237648674532885535 , 318.390289 , 1894.89001
1237648722841043822 , 313.533386 , 1898.61304
1237646549567013147 , 313.885498 , 1913.526
1237650012920742323 , 302.849304 , 1906.68799
1237649954398404933 , 318.930695 , 1891.00403
1237649962450550874 , 319.712311 , 1890.84802
1237648673437122953 , 318.931488 , 1909.15906
1237649909839561955 , 299.117615 , 1898.21204
1237648673975173327 , 307.970703 , 1914.22498
1237648703527126173 , 306.403687 , 1895.04504
1237648722848645870 , 309.594604 , 1928.255
1237648675582378380 , 299.083496 , 1899.19604
1237649770252273542 , 306.803192 , 1905.78699
1237648722849366386 , 314.297302 , 1889.88794
1237649743942452765 , 310.376404 , 1914.59302
1237646647278633292 , 319.504791 , 1915
1237646647279878829 , 316.089294 , 1914.60999
1237648702968234032 , 319.103485 , 1900.91797
1237649953867695024 , 307.39859 , 1890.526
1237648673455079476 , 308.260406 , 1889.82703
1237646546880102936 , 312.935211 , 1910.98901
1237649769180890785 , 298.215607 , 1893.72095
1237646792769866605 , 310.522186 , 1916.01001
1237648675036070275 , 299.514313 , 1894.27502
1237646708499284892 , 303.765808 , 1915.21704
1237648675600073299 , 307.889099 , 1900.67896
1237648705142064378 , 302.565094 , 1925.59204
1237648704583893185 , 321.816193 , 1901.89502
1237646510910865996 , 313.430695 , 1916.19897
1237649743947433247 , 308.883698 , 1910.86499
1237645877431762997 , 319.416199 , 1890.146
1237648674514666390 , 321.890411 , 1896.151
1237646706353178394 , 309.056213 , 1911.45105
1237646586629980791 , 301.212708 , 1898.71106
1237646791691665769 , 298.632385 , 1925.32495
1237649964061819065 , 308.657593 , 1909.28699
1237650013990355125 , 323.398895 , 1889.75098
1237646645675819406 , 318.815308 , 1903.53296
1237648675602760098 , 303.131287 , 1916.00903
1237646706869010533 , 317.882507 , 1906.10901
1237649769717170378 , 302.155212 , 1894.78296
1237648672909558106 , 298.335388 , 1912.84595
1237648673440727073 , 306.800507 , 1914.97998
1237646645690565927 , 316.631409 , 1899.78796
1237646749285024705 , 321.966797 , 1901.70203
1237646647274439043 , 301.052399 , 1898.63
1237646646742614634 , 311.25119 , 1923.50195
1237649825012449862 , 321.500488 , 1894.63501
1237646705814536346 , 315.990112 , 1928.38306
1237650008624464156 , 313.015411 , 1920.48206
1237648675040396103 , 319.822693 , 1901.05103
1237648675065627831 , 324.391602 , 1894.03406
1237646705809883744 , 305.587799 , 1923.14905
1237649920037486971 , 308.025085 , 1898.35303
1237646706880020493 , 314.005188 , 1891.32104
1237646648358732056 , 320.560913 , 1928.29297
1237646796530582286 , 301.468414 , 1905.71704
1237646750357652312 , 297.869598 , 1901.18799
1237649769179908464 , 311.606995 , 1900.19202
1237646797596393926 , 315.03241 , 1913.94299
1237649910920446517 , 320.136292 , 1892.448
1237646792232995002 , 297.896912 , 1891.98303
1237646706873073756 , 318.802704 , 1918.16296
1237646549044232517 , 321.253693 , 1895.625
1237648705143114254 , 321.779999 , 1926.36694
1237648672920437953 , 320.042297 , 1918.61096
1237646585562006534 , 311.741302 , 1910.73596
1237648705658880905 , 302.705994 , 1922.20801
1237649807304950073 , 300.816986 , 1898.70398
1237648705664123392 , 311.80191 , 1915.27795
1237648704039551280 , 299.984497 , 1913.74805
1237646708494631722 , 297.810394 , 1926.18298
1237648675607478831 , 319.181091 , 1924.52295
1237646793847018135 , 305.735992 , 1898.39795
1237646549039055044 , 304.62381 , 1913.59302
1237649865278423367 , 314.425812 , 1918.64099
1237646547417170801 , 297.339386 , 1910.34094
