1237648702958142222 , 323.729614 , 1642.74304
1237646506083025467 , 301.291992 , 1643.89001
1237646793309683862 , 320.705811 , 1623.85596
1237649954403582337 , 311.674896 , 1640.64697
1237646647288005017 , 300.884888 , 1623.55603
1237648720132898916 , 309.443115 , 1650.46802
1237646506079224047 , 313.775208 , 1635.86902
1237649864747647325 , 306.731201 , 1653.48596
1237649912528175859 , 298.845215 , 1651.69202
1237648673448395145 , 310.456207 , 1657.89404
1237648720133619787 , 301.726288 , 1658.08606
1237649911990649248 , 305.372101 , 1663.58301
1237648722819548514 , 308.828094 , 1659.12402
1237646509835223457 , 310.432587 , 1658.30505
1237646586639876178 , 297.786194 , 1625.93103
1237646793308113941 , 307.037415 , 1650.06396
1237649743949137181 , 310.710693 , 1628.375
1237648705142259824 , 298.285492 , 1637.42798
1237649911986520789 , 298.739502 , 1643.15796
1237648704063866075 , 303.481506 , 1636.94397
1237648702978524341 , 320.106812 , 1662.74695
1237646750897865246 , 307.189911 , 1646.755
1237646646762144062 , 310.046387 , 1628.84094
1237649918970364234 , 307.429199 , 1646.48999
1237646551711220896 , 320.082397 , 1640.79395
1237646647294886460 , 308.164001 , 1630.03296
1237650012917661957 , 306.334106 , 1638.98206
1237649929703785004 , 319.353912 , 1625.927
1237646793307915355 , 301.598785 , 1632.90002
1237649862602785272 , 307.231201 , 1630.349
1237646708478116070 , 308.430786 , 1635.05505
1237646504471036533 , 314.724701 , 1643.83606
1237646645688860705 , 308.817902 , 1624.98804
1237649918429758202 , 318.688507 , 1662.67102
1237648705663336902 , 314.432709 , 1644.91504
1237646646743532175 , 302.00769 , 1638.64197
1237649808372596781 , 321.490997 , 1659.50195
1237649871718187183 , 299.2789 , 1623.12195
1237646547961774195 , 311.683105 , 1630.255
1237646798134183965 , 313.917114 , 1646.19495
1237649962991288876 , 309.296387 , 1641.078
1237646795985063284 , 318.864899 , 1660.104
1237646792233455016 , 305.792786 , 1624.85303
1237649769182855391 , 298.250885 , 1627.98901
1237646794378772789 , 322.783386 , 1631.11499
1237648705654620263 , 318.673615 , 1641.05103
1237648722285036098 , 310.276886 , 1628.19604
1237646646198665591 , 323.066803 , 1626.16003
1237649769722021057 , 304.02771 , 1649.526
1237648704054952133 , 317.872803 , 1653.11597
1237648722291655507 , 316.140594 , 1638.73303
1237646708487946352 , 312.934113 , 1640.51001
1237646548495958356 , 321.531494 , 1659.59204
1237648704599033403 , 301.777405 , 1626.47498
1237649911449387266 , 308.746002 , 1653.42102
1237646588225520027 , 300.593292 , 1642.078
1237650010243137769 , 302.405792 , 1625.29004
1237645877422391852 , 314.7229 , 1655.94897
1237646645670117734 , 303.776886 , 1625.32703
1237649918964138068 , 307.995209 , 1628.43201
1237646708498891725 , 309.564514 , 1638.36499
1237648673423950866 , 317.055695 , 1662.60706
1237646707941245213 , 304.035004 , 1657.59399
1237648705098547926 , 321.429291 , 1638.71997
1237649910909502571 , 297.326202 , 1653.86096
1237648722327241348 , 309.505402 , 1662.38196
1237646706890770160 , 315.615387 , 1633.76404
1237646648367710657 , 316.780609 , 1652.20496
1237646706343674076 , 309.724792 , 1634.14905
1237646547971145776 , 314.856506 , 1625.85205
1237646792764424830 , 317.815887 , 1638.88098
1237649954945040619 , 318.532715 , 1624.27002
1237649911994843522 , 306.084106 , 1647.73706
1237649825011401275 , 311.466888 , 1663.33301
1237649910386655479 , 308.922211 , 1634.06396
1237649743948743941 , 312.318787 , 1644.77502
1237646549586018932 , 320.532501 , 1660.81006
1237646791699861609 , 311.79361 , 1630.005
1237646549031256448 , 317.668396 , 1655.00696
1237646646218260916 , 317.352905 , 1651.18994
1237649927017857702 , 304.002991 , 1654.276
1237649808916349257 , 303.188293 , 1651.20203
1237649961919184918 , 313.679596 , 1651.46106
1237646646221865914 , 297.637299 , 1632.62598
1237648702960304882 , 297.834503 , 1660.28601
1237648675595682257 , 297.455811 , 1644.38501
1237649910910026460 , 317.070404 , 1652.86304
1237646793307852007 , 315.880188 , 1660.13501
1237649806757921069 , 316.948792 , 1631.02295
1237649954396569748 , 304.773895 , 1645.96106
1237649921113064265 , 311.943695 , 1661.96204
1237648673995358292 , 297.641693 , 1628.91003
1237645877942419756 , 308.456696 , 1633.19702
1237646553322357013 , 324.089111 , 1653.61597
1237648675607217328 , 317.938995 , 1658.15002
1237648722313544119 , 308.0242 , 1660.10498
1237646706869076158 , 312.5224 , 1633.36597
1237648722864702036 , 316.638611 , 1647.40601
1237646503932723260 , 307.463013 , 1639.36401
1237646792770454978 , 319.286194 , 1628.67102
1237646792236994509 , 321.057709 , 1630.77795
1237648722318656037 , 319.358887 , 1663.15796
1237648702972690692 , 313.047791 , 1634.92102
1237649817494683963 , 308.839294 , 1658.83301
1237645877430190985 , 308.249786 , 1632.47498
1237648675576021292 , 311.149994 , 1631.44702
1237646585567314796 , 313.810394 , 1663.16199
1237648703530729903 , 298.191315 , 1662.03101
1237646796534382791 , 313.193604 , 1660.80005
1237649809440769427 , 298.545807 , 1655.14905
1237646506082435356 , 308.294189 , 1633.04895
1237646797060376509 , 309.052094 , 1652.79102
1237646551711154227 , 303.360809 , 1662.67297
1237648672917095092 , 309.354706 , 1654.78003
1237649769178466539 , 319.408813 , 1650.26001
1237649939903283300 , 319.33429 , 1625.26904
1237646586613596972 , 318.682587 , 1652.37305
1237646546904416538 , 307.65979 , 1653.828
1237646748740223319 , 321.062897 , 1633.33301
1237648704575439123 , 307.545105 , 1630.099
1237648675607872456 , 307.712189 , 1654.48206
1237649745022746778 , 316.246796 , 1656.76099
1237649962993516877 , 300.098785 , 1652.95398
1237649745017177818 , 319.198608 , 1635.85706
1237649795485335603 , 300.858093 , 1662.30896
1237648675068774170 , 314.746887 , 1638.76001
1237649816420286921 , 306.77301 , 1646.83801
1237646791700054342 , 298.876007 , 1654.73401
1237646646739796291 , 324.07489 , 1642.88403
1237646791695925397 , 299.974792 , 1659.90002
1237649808379215890 , 305.962891 , 1648.13403
1237649744481681962 , 305.68161 , 1654.89294
1237646791698221984 , 301.519409 , 1663.19495
1237649769178988666 , 299.672089 , 1624.81702
1237646646766732627 , 318.677185 , 1635.97998
1237649910376301204 , 317.700806 , 1634.21997
1237648703500846035 , 322.066986 , 1651.94604
1237648673443086714 , 314.556305 , 1657.97803
1237646645669069648 , 312.879608 , 1624.85901
1237648675583361466 , 307.158386 , 1660.18799
1237649769178400791 , 319.775696 , 1644.66296
1237649745017177817 , 317.808502 , 1633.00195
1237646548488552543 , 311.614105 , 1659.771
1237646548514309366 , 302.423004 , 1641.57996
