1237648704068389043 , 955.757629 , 1391.00195
1237646552785355371 , 978.772583 , 1388.96204
1237645877420688063 , 968.924072 , 1393.51099
1237649808370762385 , 967.960815 , 1397.20605
1237645877406138521 , 982.019897 , 1375.22705
1237646506619961793 , 964.861816 , 1384.99194
1237646588242690795 , 966.968018 , 1379.30005
1237649768644215614 , 978.454224 , 1374.625
1237646707420890291 , 960.040527 , 1369.72302
1237648705138197693 , 964.750977 , 1379.87
1237646797066535293 , 955.65802 , 1391.47095
1237648705100906973 , 964.775818 , 1382.35095
1237648702994252449 , 964.275208 , 1365.46399
1237646553321965690 , 974.823975 , 1402.828
1237646708499941318 , 955.668396 , 1376.12
1237650011306655983 , 964.857605 , 1392.09595
1237648675604006098 , 959.598389 , 1384.17395
1237648674525545826 , 980.202087 , 1391.73206
1237646547419792142 , 980.169617 , 1403.55603
1237646791695925765 , 971.722717 , 1369.08801
1237648722285494932 , 973.32019 , 1390.82605
1237646646202138847 , 955.562073 , 1384.74597
1237648672902218154 , 963.91803 , 1400.24695
1237646798135952743 , 959.851929 , 1387.07495
1237649911989076484 , 974.144409 , 1384.03699
1237648673447543612 , 958.197388 , 1387.271
1237648672911852221 , 975.520874 , 1396.18896
1237649952789234221 , 981.403076 , 1390.35095
1237648673430700843 , 981.635071 , 1385.83899
1237646748746318684 , 955.593323 , 1383.26904
1237648702973871122 , 964.791687 , 1378.88599
1237648702993139301 , 974.225403 , 1403.78003
1237646791697697714 , 959.112976 , 1393.77905
1237649809442603626 , 982.464172 , 1387.32703
1237646586103924659 , 982.170715 , 1376.83496
1237646510372356537 , 963.886292 , 1398.15405
1237649872794878681 , 977.149719 , 1398.18005
1237646793847214048 , 959.764221 , 1373.82703
1237646792770587665 , 956.616394 , 1370.14795
1237646553859230230 , 978.75 , 1388.35303
1237648673979433245 , 976.727478 , 1374.31104
1237646793847999016 , 959.02063 , 1372.81201
1237650004324909159 , 958.71991 , 1366.30798
1237648704591430929 , 961.025513 , 1376.78796
1237649954403975728 , 979.459717 , 1401.06104
1237648672917619985 , 978.125793 , 1384.349
1237649920045810158 , 981.34552 , 1378.15601
1237646588236923023 , 974.282776 , 1384.81299
1237646793837184560 , 976.040771 , 1375.63696
1237646588239151865 , 971.789001 , 1374.52197
1237646586616087054 , 955.635315 , 1375.21899
1237649795485597995 , 972.843323 , 1393.81104
1237649921119748705 , 971.301575 , 1363.55896
1237649909850046802 , 968.955322 , 1382.81702
1237649954403713652 , 965.536621 , 1399.40405
1237648704067340127 , 972.591187 , 1386.55798
1237649769713500988 , 965.923584 , 1364.14001
1237648673457766838 , 982.539978 , 1394.52197
1237646791695270348 , 962.867004 , 1390.672
1237646646219506399 , 971.048279 , 1394.86206
1237648704589398680 , 960.76062 , 1366.04297
1237646509836861901 , 966.176819 , 1376.54199
1237648674530984760 , 974.87323 , 1399.76196
1237649919508021736 , 962.263489 , 1381.10205
1237649929174450744 , 981.955322 , 1363.42395
1237649952787464810 , 956.378113 , 1392.02197
1237649873866391877 , 976.298584 , 1392.276
1237646706328731769 , 960.925415 , 1386.40906
1237646707415318810 , 970.830078 , 1366.30298
1237648674515059332 , 972.57843 , 1398.93103
1237646585533170260 , 981.487976 , 1394.72803
1237648722815485371 , 982.739197 , 1378.77197
1237648704060195402 , 960.373413 , 1399.03796
1237648703506874963 , 980.549072 , 1396.271
1237648705140557166 , 971.136475 , 1388.79504
1237649768642447681 , 967.125977 , 1389.58899
1237646647286366313 , 959.741577 , 1401.51001
1237646706884935806 , 976.572327 , 1373.75403
1237649863136707178 , 971.583923 , 1371.25903
1237648672922929159 , 960.591187 , 1396.93506
1237646707412828967 , 966.543884 , 1385.08801
1237648705672578094 , 971.790588 , 1370.45996
1237648672898154700 , 979.702698 , 1364.43799
1237646509297304042 , 968.234314 , 1384.88098
1237646705813882333 , 977.307495 , 1373.70605
1237646796525733519 , 973.025024 , 1387.66101
1237645877423243803 , 972.47052 , 1393.49597
1237648673976156424 , 970.788818 , 1394.948
1237648703528371239 , 980.06897 , 1389.59802
1237648705134330235 , 970.601685 , 1369.27295
1237649961925804683 , 961.703918 , 1393.60901
1237649910913696807 , 966.115906 , 1397.01404
1237646796530320503 , 963.682373 , 1404.02295
1237646708498366793 , 961.09668 , 1397.33301
1237648673457177056 , 963.411072 , 1380.17798
1237646646759719016 , 968.696472 , 1389.87695
1237649809451581716 , 959.068787 , 1387.53894
1237649920580977625 , 980.117126 , 1367.17505
1237648703528764271 , 966.874329 , 1391.42603
1237650010233570138 , 961.365112 , 1377.23999
1237649953859633359 , 965.896301 , 1398.36804
1237646749818160134 , 973.252075 , 1381.58899
1237648720130672368 , 978.412476 , 1395.19299
1237648704567313174 , 956.047424 , 1379.08105
1237648702962270553 , 973.107971 , 1376.60303
1237648675058222125 , 967.532471 , 1374.72302
1237648672893633039 , 982.667419 , 1378.20496
1237648704024543423 , 981.236694 , 1383.09094
1237648703527060454 , 963.086975 , 1366.60303
1237649768106623451 , 982.321716 , 1383.41003
1237646797070401881 , 962.248779 , 1365.79797
1237649939903349119 , 974.849121 , 1383.85706
1237648675606823195 , 981.326172 , 1390.01001
1237646647272669737 , 965.070374 , 1399.31799
1237649744484173436 , 979.623718 , 1382.71204
1237648704045646481 , 979.661316 , 1373.33997
1237649873872945675 , 963.073425 , 1370.07898
1237646646225732458 , 956.97113 , 1371.80103
1237648704577536861 , 963.171326 , 1372.30798
1237646647824548641 , 981.43573 , 1402.49695
1237649963529797898 , 958.698303 , 1401.31396
1237646588225126934 , 961.915771 , 1396.06006
1237646749822091879 , 978.961487 , 1392.55298
1237649909842052050 , 977.889221 , 1377.95496
1237646504473067673 , 977.918884 , 1372.67896
1237646706341839256 , 958.134216 , 1364.98499
1237646707958546534 , 970.406921 , 1368.17297
1237646587159642217 , 975.554077 , 1397.40405
1237648703520506195 , 960.686096 , 1382.51904
1237646547950109177 , 977.024109 , 1401.09705
1237649770789930547 , 963.512512 , 1379.47803
1237649940439958274 , 974.856812 , 1395.98096
1237648720133424380 , 979.269775 , 1374.86401
1237649817497305209 , 962.446716 , 1392.50696
1237646648373084614 , 977.292786 , 1381.78198
1237646750352277576 , 976.995117 , 1381.31604
1237646506074833390 , 965.054321 , 1370.42395
1237645877426651213 , 978.596924 , 1384.69702
1237648673972748731 , 963.016418 , 1387.56702
1237649794411201174 , 973.498779 , 1365.94995
1237646586080527308 , 960.205872 , 1370.42395
1237649921113195181 , 957.779297 , 1369.83899
1237646792773403980 , 972.545471 , 1389.06995
1237649942588425083 , 979.639282 , 1400.20898
1237646792768751283 , 960.549377 , 1394.98096
1237646797600393225 , 958.495117 , 1399.04504
