1237648674520957167 , 981.055176 , 1904.37805
1237648704051086368 , 969.730774 , 1888.61206
1237646646744580727 , 976.824524 , 1922.97205
1237649863138148374 , 977.390503 , 1924.448
1237649964067979431 , 976.946472 , 1898.66895
1237646792773209617 , 959.402771 , 1916.80505
1237646547959481013 , 981.620728 , 1906.43994
1237648704577929434 , 967.40802 , 1910.21704
1237646509298155648 , 956.615784 , 1898.48804
1237648672918275425 , 963.485779 , 1905.58801
1237646509298614725 , 967.949524 , 1927.51697
1237646798682063583 , 977.091125 , 1903.50903
1237646547434799672 , 978.830688 , 1910.89905
1237648704042369250 , 958.19281 , 1897.604
1237648673429914035 , 970.542786 , 1916.297
1237646646221603016 , 978.135925 , 1888.68799
1237648674515058980 , 959.57428 , 1892.07104
1237649768639824687 , 980.236572 , 1923.12903
1237646587168424391 , 979.914673 , 1926.27698
1237649928633319794 , 960.372314 , 1899.02502
1237646797605242040 , 956.450989 , 1894.54004
1237646645688795882 , 962.682922 , 1911.41296
1237648672923387376 , 959.265503 , 1926.19397
1237646547440763085 , 964.748779 , 1891.43994
1237649964070797512 , 981.69043 , 1892.22998
1237646708502036920 , 979.785522 , 1894.79797
1237645877428749129 , 962.267029 , 1888.96594
1237646707405750746 , 978.98822 , 1894.42297
1237649768106428256 , 967.653503 , 1927.55701
1237649919505727548 , 966.596985 , 1909.33997
1237649910909568285 , 957.216309 , 1922.14099
1237646509298679927 , 973.089111 , 1926.91101
1237648722834424754 , 960.346802 , 1920.38794
1237648675045114197 , 970.331116 , 1919.34302
1237648702973019191 , 964.508423 , 1926.40698
1237649768646574772 , 971.661194 , 1890.45996
1237646510370325136 , 972.08551 , 1921.83704
1237646646760899466 , 980.506226 , 1899.63306
1237649807295054795 , 969.995972 , 1915.55896
1237648702990451520 , 960.398682 , 1905.86804
1237648722322392287 , 966.838928 , 1905.20203
1237646547961709341 , 975.849915 , 1925.69995
1237646791700120029 , 973.735779 , 1906.64001
1237646708501382851 , 962.163086 , 1916.93506
1237649770258891557 , 974.488708 , 1901.29297
1237648705635353153 , 974.163818 , 1911.599
1237648703521162151 , 980.674988 , 1907.84802
1237646647818650368 , 959.614685 , 1919.276
1237649794946040280 , 963.905579 , 1914.54004
1237648704047940364 , 964.694885 , 1917.33801
1237648702985142354 , 957.212524 , 1890.22705
1237649816960696926 , 959.267029 , 1904.14502
1237646645678834186 , 972.598877 , 1910.53296
1237649795482977061 , 959.13678 , 1899.70703
1237646792232536385 , 963.473999 , 1916.84802
1237650014528799159 , 972.088318 , 1909.12305
1237646793307195381 , 979.173096 , 1894.17896
1237648675059597506 , 972.931091 , 1905.76501
1237649927025852749 , 969.22113 , 1918.43994
1237649796556390902 , 965.832703 , 1901.67004
1237646549047182398 , 978.217529 , 1889.63904
1237649909838316818 , 977.221008 , 1901.93103
1237646551708467430 , 979.60321 , 1914.60303
1237648673460781239 , 982.375183 , 1898.58301
1237649940440089996 , 961.246887 , 1916.93994
1237646587177929707 , 967.338989 , 1890.11096
1237645877413412999 , 959.994629 , 1905.34802
1237646586628931748 , 960.51947 , 1897.59998
1237649952790283010 , 969.380371 , 1898.901
1237646547413434389 , 970.578186 , 1926.34094
1237648674501558872 , 964.037903 , 1888.80701
1237649807831270447 , 971.339478 , 1908.19604
1237646706881266046 , 970.411377 , 1919.27502
1237646587706082473 , 982.336914 , 1899.71997
1237649918426612118 , 975.119629 , 1897.71899
1237646794375758732 , 975.731873 , 1899.43201
1237646645685387376 , 961.532715 , 1914.89099
1237648704599163897 , 963.888672 , 1925.84497
1237646586617921858 , 981.091919 , 1919.00696
1237648674523055008 , 956.951111 , 1921.55505
1237646648377344405 , 960.178406 , 1911.948
1237646646748709330 , 958.910095 , 1905.422
1237648703524504807 , 978.057129 , 1924.80603
1237648704034112126 , 958.475891 , 1918.75195
1237649825548403076 , 973.068481 , 1889.28601
1237646647813406852 , 965.844788 , 1894.974
1237645877935800521 , 965.389282 , 1920.91504
1237650009163628675 , 971.116577 , 1913.43005
1237648672915260336 , 977.550903 , 1892.703
1237646647279419911 , 972.336182 , 1910.30396
1237649954947006887 , 956.572327 , 1888.04102
1237648705141670189 , 958.291382 , 1909.53601
1237648704600867951 , 976.656921 , 1920.45203
1237649768107148854 , 956.089111 , 1923.87305
1237646708480606732 , 975.505676 , 1912.19299
1237648672896254571 , 971.099182 , 1892.34204
1237649910915990180 , 971.386414 , 1906.24097
1237649770794451052 , 982.050781 , 1919.38696
1237646586634044692 , 967.391418 , 1899.21704
1237648672887997313 , 963.317383 , 1905.01599
1237646585556370469 , 961.226501 , 1893.51404
1237648705127842754 , 959.983276 , 1896.84802
1237646797607928682 , 970.435425 , 1917.90906
1237649955477389907 , 976.971924 , 1920.75
1237646750895178606 , 973.119385 , 1894.922
1237648704598574156 , 961.207825 , 1898.875
1237649919500812768 , 964.229675 , 1891.47803
1237648596114015420 , 956.461121 , 1891.08301
1237648704040796689 , 961.872375 , 1888.67798
1237649961385656451 , 964.66803 , 1901.64099
1237648675033645615 , 955.620178 , 1925.24902
1237649872794812990 , 964.128784 , 1901.51001
1237648704585400568 , 969.713623 , 1888.20496
1237648722832392289 , 981.990173 , 1925.96997
1237649910381806380 , 957.196289 , 1904.53699
1237648722321539741 , 962.674622 , 1893.10205
1237646706882773167 , 960.526917 , 1913.729
1237649745019077127 , 963.765381 , 1917.66101
1237648674513879800 , 971.206116 , 1903.776
1237646549568192996 , 959.076477 , 1914.52295
1237648704569212991 , 971.718628 , 1891.82495
1237646508226117760 , 975.726685 , 1897.97803
1237648705129416004 , 961.637817 , 1911.974
1237649927557939671 , 978.128723 , 1927.80603
1237648673996407831 , 974.145813 , 1897.09094
1237648704044728588 , 974.675171 , 1922.78699
1237646547958170027 , 974.896179 , 1906.37805
1237646587708309887 , 973.513489 , 1888.18103
1237649953871692199 , 979.192627 , 1913.59399
1237648722839077458 , 976.256714 , 1914.03503
1237649742338460177 , 962.656982 , 1899.28296
1237648674504508359 , 967.326477 , 1919.70801
