18.1316
18.844696
27.1912994
30.7017536
33
40.9722214
42.3896637
45.5729179
47.253788
47.7430573
52.0833321
71.3216171
82.5757599
84.375
84.733757
95.7207184
98.0158768
98.5090485
102.827766
106.060608
113.304092
126.436783
126.666664
127.762428
134.226654
140.240479
140.845078
144.594589
144.772934
145.763885
150.477707
155
158.273376
159
159.053833
159.090912
159.22522
159.455124
159.485748
159.893372
159.958725
161.25
161.764709
161.812302
163.796722
164.520081
164.522675
165.462158
165.471313
166.246857
167.721512
168.838867
169.279129
169.281052
171.696671
172.636368
172.917984
173.72612
174.858978
175.233643
175.736969
175.81395
176.242233
176.514038
177.102798
178.339996
178.355499
178.394531
178.508774
180.317459
180.800003
180.922104
181.451614
181.525192
181.666672
181.734314
181.909286
182.026917
182.288071
182.541275
183.022568
184.442657
184.799057
184.847336
186.100754
186.417664
186.491074
186.93425
187.288132
191.091949
191.168091
191.53125
191.615387
191.677567
192.982452
193.113098
193.452377
193.886459
194.166672
194.53125
195.535721
195.610687
195.791672
196
196.067413
196.207153
196.859421
197.368423
197.604797
197.923431
197.954269
198.135193
198.255356
198.256638
198.316177
198.425735
198.935455
199.782791
199.994995
200.598801
201.246887
201.319443
201.590012
201.660034
201.674271
202.086044
202.665192
203.798386
204.294968
205.454544
205.823288
205.972229
206.532181
207.071426
207.110977
207.703934
207.756226
207.876907
208.296936
208.734268
209.026123
209.487778
209.523804
210
210.024002
210.152832
210.168137
210.484512
210.833328
210.954849
210.984848
211.266907
211.413269
211.79039
212.037033
212.06897
212.104065
212.121216
212.224747
212.526611
213.266769
213.796799
213.829788
213.83342
214.126801
214.170685
214.455444
214.520737
215.303223
215.478622
215.609207
215.668198
215.698929
216.090302
216.252701
216.409393
216.875809
217.205017
217.243713
217.46431
217.55162
217.594391
217.601547
217.613922
217.784882
218.270004
218.505783
218.556702
218.621399
218.68251
218.950745
219.047623
219.183929
219.298248
219.89772
219.962158
220.130173
220.537567
220.552887
220.714279
221.22052
221.234467
221.302078
221.947601
222.11676
222.667435
222.707794
223.472427
223.958328
224.27652
224.481964
225
225.064774
226.35408
226.407608
226.67955
226.798752
227.203644
228.029419
228.260864
228.967499
229.309433
229.405624
229.726578
229.775284
230.882355
231.034485
231.410263
231.554153
232.012512
232.212158
232.403534
233.004379
233.333328
233.420029
233.606552
233.716476
234.066559
234.326172
234.694839
235.170898
235.250732
235.39682
236.111115
236.318176
236.794235
236.842102
236.87973
237.406723
237.7892
238.5159
238.527924
239.0625
240.796616
241.09462
241.796204
241.868515
241.991348
242.331284
242.922974
243.902435
243.988678
244.266922
244.403839
244.604309
244.615387
245.238098
245.384613
245.890411
245.901642
246.546051
246.913574
247.51712
247.518616
248.07579
248.39743
248.456787
249.038467
249.210312
249.233124
250
250.235764
250.5
251.846878
252.056839
253.203171
253.249664
253.564148
254.272629
254.588989
254.982422
255.418503
256.349213
256.384613
256.430237
256.696442
257.107025
257.627106
257.931854
258.294434
258.499603
258.888885
259.194214
260
260.189941
260.755035
261.111115
261.807587
262.626251
262.777496
262.933472
264.354401
265.127899
265.379364
265.47052
265.596039
266.179535
266.333344
266.498566
266.702301
267.326721
267.356873
267.857147
267.934326
267.992432
268.117401
268.66983
269.135803
269.144135
269.153839
269.819824
269.970428
270
270.962738
271.299103
271.490753
272.108856
272.727264
272.817474
273.302948
273.579987
274.6875
275
275.47171
275.609741
276.270142
276.851837
276.997437
277.061859
277.083344
277.104736
277.129517
277.777771
277.83963
278.14209
278.5
279.552185
280.395142
280.461426
280.775085
281.105988
281.21875
281.336792
281.350494
281.379303
281.512604
281.818176
281.928772
283.125702
283.333344
284.900299
285
285.218262
285.567444
286.446289
286.666656
286.73938
287.136292
287.581696
287.993927
288.037933
288.677826
289.256195
289.727905
290
290.082031
290.769226
292.307678
292.476318
293.147858
293.539337
293.847565
294.361084
294.943817
295.505615
295.80246
296.428558
296.721313
296.8125
297.075409
297.969177
298.041046
298.065308
298.11322
298.480469
298.822449
299.022797
299.333344
299.401184
299.581879
299.616486
299.672638
300.201813
300.266907
300.551117
301.608582
301.623383
302.424255
302.678131
303.234497
303.811646
304.417664
306.666656
306.939514
308.181824
308.426086
308.807739
308.823517
309.131409
309.226929
309.782623
311.635803
312.128418
313.715698
314.072327
316.25
316.455688
316.725342
317.307678
318.071564
318.910248
319
319.745209
319.959991
320.33609
320.393372
321.572205
321.691162
322.263214
322.828278
323.48111
323.846161
323.913055
324.982422
325
325.691406
326.51297
328.943756
329.166656
329.43924
329.815308
330.09079
330.996887
331.372559
333.333344
333.846161
334.498413
334.536377
335.389374
335.589935
336.13446
336.153839
336.879425
338.045471
338.607605
338.645416
340.332458
340.818176
341.399597
342.957733
343.495056
344.545441
344.565216
344.791656
348
348.729462
349.748169
349.933319
349.952393
353.663605
353.892822
354.141663
355.409576
356.934296
356.938904
357.427948
357.515137
357.74411
358.130371
360.486877
361.496674
362.15979
362.409149
363.670563
363.915955
363.941772
364.031281
364.175018
364.583344
364.969788
366.326538
366.353546
367.768402
367.894745
372.5
374.358978
375.076538
375.34549
376.811584
377.222229
380.999512
381.348846
382.142853
382.282532
382.755829
384.744354
386.533661
391.067535
393.984222
394.736847
399.200012
400.228699
405.052277
406.138458
406.3302
408.442993
410
411.875
414.156616
414.285706
415.682556
417.461823
417.804413
418.215607
418.75
420.53363
423.930267
424.3125
427.857147
429.323975
431.17215
432.016083
433.333344
434.210541
435.924377
436.25
437.369507
437.722992
439.970184
439.98526
441.00296
441.975311
445.397369
446.660889
448.363647
448.826752
450.275726
450.450439
452.674896
455.465576
455.882355
460.784302
466.440094
473.962585
474.137939
477.430542
478.846161
479.541748
479.901947
485.489319
487.514618
488.775513
488.811188
490.416656
490.470856
490.496613
490.554169
493.670898
497.159088
500
500.529663
501.25708
502.239288
504.215851
507.690063
514.721375
520.705505
524.356934
524.475525
526.981445
538.571411
542.142883
549.444458
553.43512
556.086975
566.455688
566.666687
569.33844
576.64563
577.051941
577.419373
600
601.151917
603.167236
605.945129
611.425903
614.791992
618.75
631.520142
634.615356
646.276611
658.461548
667.351135
671.355469
674.479187
692.307678
700
716.193237
724.66217
791.139221
794.117676
874.875
900
932.242981
977.564087
995.674744
1105.14685
1327.29211
1455.03
