400
568
578
592
600
604
624
712
756
780
800
825
840
850
870
882
883
888
892
900
918
935
948
950
952
953
958
963
966
968
969
974
980
982
988
989
990
1000
1008
1020
1034
1040
1041
1053
1056
1064
1075
1078
1080
1084
1088
1100
1104
1106
1110
1122
1124
1128
1135
1139
1140
1145
1150
1151
1152
1153
1157
1158
1159
1160
1167
1171
1173
1176
1177
1180
1186
1188
1190
1191
1193
1194
1200
1218
1220
1226
1232
1236
1237
1240
1241
1244
1245
1247
1248
1250
1253
1255
1256
1258
1259
1260
1261
1262
1263
1274
1280
1283
1284
1288
1294
1296
1297
1300
1304
1306
1310
1312
1316
1320
1325
1328
1337
1341
1342
1344
1351
1352
1354
1356
1368
1369
1370
1371
1372
1387
1388
1389
1390
1395
1396
1398
1400
1401
1402
1404
1408
1410
1414
1420
1425
1428
1430
1435
1439
1440
1442
1448
1451
1456
1460
1461
1469
1470
1473
1477
1481
1484
1489
1491
1492
1493
1500
1503
1515
1517
1519
1529
1530
1535
1536
1538
1540
1541
1542
1544
1546
1550
1552
1556
1560
1563
1565
1572
1573
1575
1580
1583
1588
1589
1600
1603
1612
1614
1619
1620
1626
1630
1631
1638
1639
1640
1642
1650
1654
1655
1657
1658
1662
1664
1666
1670
1680
1682
1684
1688
1689
1698
1700
1702
1706
1714
1715
1716
1718
1719
1722
1724
1725
1727
1740
1742
1747
1749
1751
1755
1761
1768
1770
1773
1780
1781
1784
1786
1787
1796
1798
1800
1801
1804
1805
1809
1815
1824
1828
1830
1832
1833
1838
1840
1852
1862
1863
1868
1871
1875
1876
1878
1888
1890
1896
1897
1900
1902
1905
1916
1918
1920
1921
1926
1933
1937
1941
1944
1949
1950
1951
1952
1953
1966
1970
1979
1982
1992
1996
1998
1999
2000
2003
2005
2006
2007
2016
2020
2021
2023
2025
2028
2030
2038
2040
2048
2050
2053
2068
2069
2082
2086
2088
2092
2096
2100
2107
2114
2117
2118
2130
2136
2138
2140
2144
2147
2150
2151
2160
2170
2171
2175
2178
2189
2194
2195
2200
2203
2218
2231
2245
2255
2259
2274
2278
2280
2286
2295
2300
2302
2310
2329
2334
2338
2349
2352
2354
2381
2382
2386
2392
2400
2402
2425
2430
2432
2455
2457
2458
2470
2475
2495
2498
2499
2500
2535
2544
2550
2569
2576
2583
2606
2628
2629
2634
2639
2647
2648
2684
2700
2716
2721
2731
2735
2748
2757
2764
2807
2840
2846
2890
2902
2945
2980
3000
3025
3037
3040
3046
3068
3080
3120
3131
3140
3145
3150
3160
3167
3168
3182
3199
3200
3213
3245
3254
3266
3281
3289
3298
3300
3360
3374
3400
3444
3500
3518
3570
3589
3600
3645
3700
3750
3780
3800
3838
3900
3971
4119
4192
4556
4636
4962
5000
5126
5200
6015
6166
6892
